0.00880683,0.00487451,0.00290152,0.00931736,0.00029434,0.00950636,0.00439138,0.00551628,0.00787916,-0.00113943,-0.00044915,0.00147656,0.01645336,0.00205022,0.00061566,0.00072535,0.00125397,0.00952712,0.02544330,0.00075462,0.00205959,-0.00097877,-0.00004150,0.00446035,0.01248337,0.00174129,0.00023240,0.00364061,0.00417967,0.00182615,0.01091353,0.00004322,0.00104249,0.00250845,0.00082633,0.00655672,0.00579347,-0.00002291,0.00259752,0.00406626,0.00127176,0.00078003,0.00056705,-0.00056632,0.00010610,0.00011578,0.00202834,0.00008379,0.00082983,0.00424009,0.00205656,0.00123943,0.00231180,0.00778644,-0.00000031,-0.00003560,0.00956419,0.01135636,0.00082695,0.00882242,0.00234829,-0.00013686,0.00197334,-0.00033774,-0.00035880,0.00768214,0.00836239,0.00004311,0.01287543,0.00285572,-0.00082680,0.00084437,-0.00013624,0.00169789,0.00530561,-0.00031316,-0.00056860,0.00733998,0.00508418,0.00189794,0.00283131,0.00872940,0.00015765,0.00717244,0.00560766,0.00140016,0.00757151,-0.00028465,0.00301461,0.00485476,-0.00044588,0.00096495,0.01105696,0.00011897,0.00235425,0.00162798,-0.00081150,-0.00051780,0.00678361,0.00048852,-0.00000229,0.00216874,0.00398788,0.00141253,0.00127321,0.00299665,-0.00000396,0.01304048,0.01588822,-0.00018410,0.00372297,-0.00088679,0.00384918,0.00241828,0.00025623,0.00405954,0.00726130,0.00330453,-0.00015088,0.00521771,0.00336422,0.00064411,0.00955352,0.00055344,-0.00006486,0.00211635,0.00138229,-0.00003178,0.00726681,-0.00015258,-0.00001377,0.01258353,0.01033194,0.00447151,0.00554824,0.01050456,0.00075840,0.00172430,-0.00013832,0.00086558,0.00242562,0.00425108,0.00182587,0.00590550,0.01211775,-0.00014306,0.00175029,0.00021643,0.00355958,0.00488993,0.00048986,0.00408745,0.00639855,0.00750066,-0.00006096,0.01046531,0.00490584,0.00098376,0.00129075,0.00543965,0.00061755,0.00231749,0.00034200,0.00027190,0.00378511,0.00013331,-0.00013428,0.00495078,0.00670693,0.00007382,0.01238116,0.00077053,0.00297672,0.00511088,0.00731644,0.00074350,0.01033034,0.00325264,-0.00030140,0.00093589,0.01146879,0.00830576,0.00244872,0.00740508,-0.00041270,0.00392606,0.00683086,-0.00003914,0.00506678,-0.00014771,0.00005574,0.00028653,0.00193838,0.00142872,-0.00038830,0.00466409,-0.00019883,0.01127178,-0.00056978,0.00049812,0.00409180,-0.00020533,0.00070214,0.00542910,0.00685594,0.00104570,0.00444671,0.00952239,0.00024141,0.00798940,0.00059368,-0.00023790,0.01037239,0.00037976,0.00381210,0.00319502,0.00720131,0.00041676,0.00469786,0.01421117,0.00040448,0.00182195,-0.00005410,0.00088537,0.00508681,-0.00092116,0.00402278,0.00655627,-0.00036783,-0.00008078,0.01038145,-0.00013877,0.00199131,0.01584057,-0.00011786,0.00262560,0.00750708,0.00035757,0.00124609,0.01024924,0.00382630,0.00099076,-0.00024265,0.01157958,0.00294731,0.01139662,0.00158738,0.00013281,0.01466373,0.00441236,0.00128758,0.01035402,0.00843584,-0.00005445,0.00424478,0.00461781,0.00621668,0.00313311,0.00188566,0.00516169,0.00533471,0.00282777,0.00590736,0.00687778,-0.00083258,0.00026018,0.00799276,0.00308481,0.00000727,0.00871449,0.00512218,0.00189922,0.00897426,0.01239426,0.00219419,0.00932077,0.00533863,0.00308484,0.00390397,0.00792993,0.00036569,0.00174983,0.01370256,0.00060098,0.00936919,-0.00129463,-0.00000355,0.01116956,0.00894332,0.00099086,0.00653511,0.01138772,0.00034309,0.01119634,0.00836107,-0.00009614,0.01016003,0.00254040,0.00159164,0.00662770,0.01020767,0.00309883,0.00364472,0.00111569,0.00300623,0.00233355,0.00268418,0.00128054,0.00790386,0.00943792,0.00185001,0.00462015,0.00631713,0.00094881,0.00351502,0.00460614,0.00105332,0.00161898,-0.00024469,-0.00043854,0.00415604,-0.00035385,0.00177205,0.01107698,0.00617627,0.00180661,0.01194941,0.00820887,-0.00004564,0.00469606,0.00125542,0.00203374,0.00653652,0.00102637,0.00047562,0.00242762,0.00056596,-0.00029119,0.00290497,0.00418989,0.00056449,0.00544216,0.00087819,0.00188038,0.00077690,0.02100738,-0.00015553,0.00807958,-0.00015654,0.00002954,0.00646943,0.00536424,0.00035309,0.00817957,0.00330125,0.00042625,0.00322845,0.00395328,0.00038211,0.01176815,0.01036337,-0.00020678,0.00363213,0.00496446,0.00061405,0.00598365,0.00111211,0.00384745,0.00423502,0.00359119,0.00078196,0.00861319,0.00499955,0.00081105,0.00224133,0.00644123,0.00010460,0.00849279,0.00050508,0.00094684,0.00971232,-0.00052300,0.00032955,0.00378749,0.00542018,-0.00019696,0.01643482,0.00125328,0.00101832,0.00836154,0.00771639,0.00013438,0.00614971,0.00273899,-0.00028038,0.00823405,-0.00087310,0.00028909,0.01104887,0.00332568,0.00019840,0.01736837,0.00644133,0.00089874,0.01042789,0.00104039,-0.00050408,0.00572780,0.00814547,0.00661745,-0.00012396,0.00850520,0.00201282,-0.00001850,0.01079977,0.00113167,0.00056271,0.00022675,0.00001198,0.01591999,0.00866376,0.00104612,-0.00004474,0.00237216,0.00077137,0.00048190,0.00288554,-0.00018457,0.00682038,-0.00000776,0.00302730,0.00070306,0.00185169,0.00409431,-0.00091633,0.00154609,0.00249291,0.00481130,0.00273408,0.00033990,0.00530599,0.00684528,0.00011936,0.00029132,0.00157783,0.00128053,0.00583124,0.00664895,0.00590256,-0.00069431,0.00457484,-0.00066466,0.00953858,0.00166333,0.00411703,0.00911902,0.00047388,0.00004005,0.00810620,0.00029398,0.00164025,0.00085711,0.00170376,0.00073100,0.00694029,0.00715741,-0.00008242,0.01411414,0.00264896,0.00148158,0.00258471,0.00196684,-0.00014603,0.00266803,0.01219829,-0.00016653,0.00350980,0.00124403,0.00135462,0.01293631,0.00099937,-0.00018754,0.00825241,0.00075214,0.00073531,0.00287185,-0.00106377,0.00074260,0.01401765,0.00011305,-0.00015541,0.01181144,0.00783075,0.00052759,0.00372387,0.00121973,0.00119975,0.01054291,-0.00062942,0.00154938,0.00694204,0.00203290,0.00384001,0.00437356,0.01868841,0.00116804,0.00632526,0.00294829,0.00269167,0.00828562,0.00523325,0.00452794,0.00305735,0.00477225,0.00213290,0.00202004,0.00758093,-0.00010300,0.00386159,0.00756071,0.00008996,0.01046471,0.00072621,0.00063598,0.01181433,0.00107396,-0.00004545,0.00375877,0.00357449,-0.00027344,0.00859401,-0.00007010,-0.00029487,0.00620239,0.00011272,0.00025880,0.00641362,0.00920034,0.00003935,0.00322181,0.00375205,0.00044111,0.01010726,0.01198284,0.00151712,0.00009938,0.00008590,0.00319243,0.00475941,0.00076649,0.00008121,0.00162939,0.00207928,0.00093995,0.00021915,0.00135552,0.00027933,0.00938790,0.01804287,0.00584281,0.00847383,0.00048028,0.00336945,0.00423132,0.00455506,0.00285433,0.01232368,0.00324004,0.00717460,-0.00067248,0.00108520,-0.00025265,0.00561973,0.00137590,0.00045022,0.00022803,0.00255685,0.00190808,0.00249534,0.00611617,0.00278374,0.00069875,0.00750777,0.00050734,0.00130536,0.03857689,0.00006494,0.00286848,0.00580613,0.00000000,0.01515788,0.00353253,0.00082340,-0.00025403,0.00664938,0.00099174,0.00414922,0.00002059,0.00100007,0.00386367,0.00435529,-0.00014954,0.00069659,0.00746657,0.00077344,0.00530972,0.00514948,-0.00004681,0.00366120,0.00283543,0.00068121,0.00248916,-0.00014921,0.00036064,0.00761499,0.00347907,0.00001007,0.00310239,0.00360230,0.00192369,0.00801044,0.00887105,0.00091809,0.00154789,0.00437824,0.00198181,0.00083434,0.00463369,0.00399659,0.00038079,0.00454162,0.00042802,-0.00040321,0.00111908,0.00196579,0.00244401,0.00556019,0.00157838,0.00023929,0.00321785,0.00127489,0.00015756,0.00114943,0.00215445,0.00138364,0.00697639,-0.00007274,0.00454562,0.00279830,-0.00019781,0.00539497,0.01217894,0.00046134,0.00108685,0.00075475,0.00508605,0.00066836,-0.00007080,0.00037085,0.00265492,0.00077825,0.00206618,0.00033456,0.00319397,0.00044962,-0.00144070,0.00458614,0.00120058,0.00630641,0.00537154,0.00001477,0.00651279,0.00090055,-0.00017249,0.00313651,0.01581981,0.00140871,0.00017902,0.00256935,0.00386606,0.00349995,0.00374881,0.00293266,0.00312833,0.00126729,0.00149756,0.00000237,0.00052743,-0.00061935,0.00060333,0.00156301,0.00000000,0.01867339,0.00107818,-0.00010076,0.00161017,0.00550892,0.00194816,0.00097662,0.00444657,0.00230056,0.00559835,0.00562821,0.00527648,0.00407362,0.01072534,0.00017215,0.00338780,0.00537541,0.00065363,0.00178337,0.01051804,0.00279997,0.00539136,0.00281923,0.00151430,0.00147874,0.01234982,-0.00000377,0.00421505,0.00138437,0.00232942,0.00403796,0.00822733,0.00316287,0.00021739,0.00000025,-0.00017140,0.00535507,0.00149869,0.00240273,0.00218953,0.01008872,0.00148764,0.00728770,0.00141518,0.00075904,0.00513942,0.00849669,-0.00061575,0.00519147,0.00079639,0.00007615,0.00028156,-0.00035927,0.00092822,0.00557660,-0.00001513,0.00063706,0.00802645,0.00572748,0.00341792,0.00354343,0.00007559,0.00030442,0.00761581,0.00347876,0.00117664,0.00699444,0.00261202,-0.00009722,0.00110989,-0.00016657,-0.00001729,0.00706082,-0.00031690,0.00000000,0.01689011,0.00633740,0.00229404,0.00781516,0.00119800,-0.00013450,0.00960504,0.00040498,0.00135529,0.01144092,0.01018191,0.00854373,0.00598462,0.01548616,-0.00006285,-0.00100928,0.00119732,0.00143961,0.01467858,0.00114138,0.00028601,0.01933325,0.00637140,0.01664711,0.01327101,0.00603112,0.00271772,0.00554129,0.00113922,0.00002974,0.01390495,-0.00078975,-0.00027739,0.01096757,0.01550639,-0.00019571,0.01613612,0.00994027,0.00164986,0.00403378,0.00229940,0.00214740,-0.00119053,0.00885593,0.00035890,0.01644421,0.00273733,0.00467141,0.00687590,0.00013119,0.00141084,-0.00069477,0.00326003,0.00007764,0.00964892,0.00096794,0.00655538,0.00003603,0.00114842,0.00322291,0.00394623,0.00969595,0.00376940,0.00467422,0.00557033,0.00018528,0.00651866,0.00235885,0.00457804,0.00776105,0.00057196,0.00032071,0.00914690,0.00570904,0.00143869,0.00365868,0.00081319,0.00299529,0.00275311,0.00890734,-0.00001093,0.00112502,0.00327760,0.00104347,0.00069285,0.00282631,0.00200142,0.00394695,0.00510692,0.00225221,0.00661804,0.00586222,0.00452352,0.00426456,-0.00058278,0.00234537,0.00476546,0.00130251,0.00246745,0.00700418,0.00303795,0.00302052,0.00089931,0.00058170,0.00079456,0.00154674,-0.00046574,0.00112319,0.00999511,0.00044460,0.00049830,0.00413889,0.00700777,-0.00019384,0.00652459,0.00523130,0.00000000,0.01233280,-0.00031285,0.00037507,0.00959452,-0.00022741,0.00002719,0.01653691,0.00065527,-0.00015026,0.00822383,-0.00066689,0.00247600,0.00300932,0.00578790,0.00076211,0.00442459,0.00439277,0.00247341,0.00975312,0.00523148,0.00000690,0.00557659,-0.00014143,-0.00103074,-0.00058747,-0.00012957,0.00109914,0.00778405,-0.00174587,-0.00070273,0.01718966,0.00100807,0.00046574,0.00830272,0.00227196,0.00152558,0.00574892,-0.00028049,-0.00001961,-0.00010575,-0.00016983,0.00084107,0.00064202,-0.00022916,0.00163778,0.00448663,0.00090494,-0.00026550,0.01387465,0.00784241,-0.00021779,0.00914097,0.00072455,0.00089570,0.00065411,0.00220187,0.00058450,0.00810266,-0.00003507,-0.00013219,0.00575820,-0.00011256,-0.00000979,0.01561079,0.00204678,-0.00012585,0.00151664,0.00357786,0.00081982,0.00535264,0.01353933,0.00191814,0.00295848,0.00656910,0.00237741,0.00509862,0.01104609,0.00711480,0.00017920,0.00172904,0.00276859,0.01266032,0.00852107,0.00020639,0.00180476,0.00161383,0.00237137,0.00101880,0.01265240,0.00259886,0.00667957,0.00084077,0.00108882,0.00411226,0.00286537,0.00236410,0.00674027,0.00534534,0.00047160,0.00278451,0.00319453,0.00488341,0.00644461,-0.00007993,-0.00089310,0.00647450,0.00760947,-0.00036677,0.00389748,0.00006111,0.00274497,0.00613619,0.00085716,0.00386329,0.00051817,0.00924014,0.00483980,0.01384774,-0.00089159,0.00149006,0.01020559,0.00062885,0.00114962,0.00459774,0.00168255,0.00044257,0.00194855,0.00059294,0.00058853,0.00597644,0.00273826,-0.00024683,-0.00067060,0.01239899,-0.00022194,0.01114625,0.00146626,-0.00004386,0.00589644,0.00544193,0.00275016,0.00376725,0.00014241,-0.00051717,0.00997207,0.00863955,-0.00030716,0.00709124,0.00615809,0.00020004,0.00201208,0.00348946,0.00320423,0.00737239,0.00210819,0.00365094,0.00886394,-0.00055069,0.00182623,0.00822435,0.00431558,0.00249256,0.01210967,0.01037863,0.00216597,0.00747985,0.00625532,0.00181150,0.00097124,0.00833394,0.00087846,0.01083052,0.00223368,0.00384921,-0.00037115,0.00641763,-0.00003899,0.01480862,-0.00095139,-0.00004149,0.00347328,0.00929374,0.00378740,0.00205220,0.00084021,0.00250509,0.00790469,-0.00015620,0.00000023,0.02232954,0.00775577,0.00067525,0.00413080,0.01202830,0.00011325,0.00189947,0.00531904,0.00299319,0.00014609,0.00895107,0.00278619,0.00295490,0.00110470,0.00034071,0.00465550,0.00118620,0.00039623,0.00063242,0.00296126,-0.00014222,0.00558309,0.01217324,0.00516092,0.00889260,0.00105022,0.00225084,0.00895725,0.00626456,0.00138327,0.00958431,0.00044130,0.00189437,0.00136155,0.00063193,0.00123299,0.00324741,0.00975475,0.00321540,0.00649170,0.01145693,-0.00021568,0.00192654,0.00148689,0.00439254,0.00528532,0.00979128,0.00205513,0.00271076,0.00021898,-0.00045908,0.00119067,0.00454735,0.00124065,0.00087330,0.00713317,0.00091732,0.00681962,0.00578346,0.00146487,0.00425875,0.00289498,0.00023977,0.00393768,0.00871954,-0.00002516,0.00476222,0.00090490,0.00171823,-0.00050771,0.00016108,-0.00013419,0.01423219,0.01069024,0.00260031,0.00421917,0.00626083,0.00051047,0.00909934,0.01312186,0.00116664,0.00074011,0.00235159,0.00284763,-0.00048374,0.00285362,0.00462441,0.00038403,0.00758164,0.00070486,0.00868412,0.00096894,0.00042291,0.01568011,0.00120599,0.00113120,0.00835518,0.00686554,0.00476004,0.01115882,0.00383458,-0.00008423,0.00537955,0.00848449,0.00257268,0.01001988,0.00305770,-0.00000900,0.00678601,0.00274876,0.00105639,0.00170566,0.00374025,0.00180723,0.00790389,0.01374781,-0.00009268,0.00299598,0.01268022,0.00493118,0.00499036,-0.00027805,0.00683079,0.00589695,0.00421390,0.00567237,0.00169288,0.00664559,0.00231634,-0.00013810,0.00597760,0.00006823,0.00882077,0.00106096,0.00035593,0.01066765,0.00572068,0.00340160,0.01059203,0.00194201,-0.00000610,0.03032734,0.00225984,0.00557612,0.00151256,0.00061479,0.00025650,0.00761542,0.00516055,0.00206885,-0.00014206,0.00244154,0.00046798,0.01052259,0.00578523,0.00271214,0.00037260,0.00131067,0.00109388,0.00437231,0.00006176,0.00173675,0.00804284,0.00718010,-0.00017752,0.01349360,0.00580273,-0.00022108,0.00295948,0.00806234,0.00309790,0.00427594,0.00654700,0.00135710,0.00356331,0.00342451,0.00056911,0.00488573,0.00069769,0.00325805,-0.00037936,-0.00011097,0.00411308,0.00405810,-0.00000736,0.00615997,0.01145010,0.01325342,0.00324017,0.00157662,0.00142895,-0.00010794,0.00265665,0.00290413,0.00004787,0.00826259,0.00473142,0.00058526,0.01173983,0.00894823,0.00006255,0.00379916,0.00195169,0.00020528,0.01624946,-0.00119555,0.00018125,0.01806007,0.00265937,0.00008549,0.00349744,0.00602698,0.00009095,0.00167612,0.00190548,0.00006764,0.00625561,0.00323014,0.00644433,0.00263867,0.00053894,0.00045633,0.00760464,0.00774987,0.00165912,0.01320820,0.00830581,0.00712535,0.00006683,0.01084490,0.00026451,0.00311055,0.01208931,0.00166086,-0.00129155,0.00641524,0.00264645,0.00452594,-0.00028157,0.00116732,0.00066860,0.00036933,0.00268493,0.01056701,0.00970961,-0.00020906,0.00438796,0.00280839,0.00498681,0.00018607,0.01036682,0.00331485,0.00222130,0.01137822,0.00297705,0.00178126,0.01004813,-0.00004815,0.00166020,0.00525157,0.00074183,0.00326956,0.00368899,0.00767941,0.00105400,0.00333257,-0.00048272,0.00780075,0.01017173,0.00024823,-0.00003545,0.00238994,0.00012769,0.00143612,0.00521360,0.00011015,0.01242633,0.01588861,0.00322502,0.00318553,0.00041269,0.00516839,0.00905415,0.00275268,0.00424691,0.00044326,0.00071763,0.00045492,0.00846358,0.00906040,0.00257689,0.00872440,0.00604342,0.00300077,0.00493374,0.00550120,0.00058944,0.00480903,0.00348058,0.00201122,0.00330938,0.00315467,0.00159525,0.01004881,0.00379366,0.00588431,0.01469797,0.00458059,0.00029160,-0.00063166,0.00832412,0.00242717,0.00747755,0.00074061,0.00042433,0.00493842,0.00060393,0.00063244,0.00075645,0.00187645,0.00104312,0.00680228,0.00358150,0.00004194,0.01885018,0.00213187,-0.00013694,0.00657083,0.00252528,-0.00013726,0.00194899,0.00225168,0.00013510,0.00644224,0.00631978,0.00211343,0.00266634,0.00829687,-0.00006488,0.01276599,0.00281460,0.00178950,-0.00051597,0.00324271,0.00181077,0.00913813,-0.00010063,-0.00001094,0.02477914,0.00376505,0.00511189,0.00405213,0.00676959,0.00013318,0.00941611,0.00082271,0.00152992,0.00612690,-0.00024393,0.00088762,0.00182382,0.00205732,0.00170369,0.00387366,-0.00005903,0.00046369,0.01413339,0.00630332,0.00000000,0.01418908,0.00115282,0.00026892,0.00722431,0.00267561,0.00014155,0.01244854,0.00783734,-0.00011005,0.01069571,0.00714511,0.00035199,0.00668869,0.00024640,0.00226377,0.00071780,0.00126346,0.00093202,0.00186106,0.00504896,0.00276770,0.00232127,0.00152072,-0.00024404,0.00028258,0.00102473,0.00023601,0.00087515,0.01638965,0.00022862,0.00044813,0.01368464,0.00036962,0.00628229,0.00642065,0.00269092,0.01155208,0.00203138,0.00246573,0.00700890,0.00805920,-0.00015819,0.00265158,0.00002450,0.00190126,0.00301414,0.00508644,0.00247084,-0.00010024,0.00143762,-0.00074639,0.00621269,0.00484043,-0.00014087,-0.00043872,0.01563129,0.00028044,-0.00013272,0.00469520,0.00092699,-0.00012548,0.00357171,0.00062106,-0.00113309,0.00451479,0.00307036,0.00085627,0.00105613,0.00003101,0.01102781,0.00074745,0.00061862,0.00778331,0.00428488,0.00048397,0.00020051,0.01088382,-0.00012299,0.01363711,0.00385530,0.00022618,0.00649260,0.00656316,0.00122780,0.01047872,0.00531204,0.00255696,0.00149316,0.00340974,-0.00010307,0.00506161,0.00649524,0.00000075,0.01608815,0.00159847,0.00180966,-0.00087587,0.00086466,0.00304267,0.00948562,0.00666873,-0.00000924,0.01651629,-0.00010697,-0.00026534,0.00673610,0.00302015,0.00163687,0.00598754,0.00248135,0.00171220,-0.00029915,0.00223553,-0.00000792,0.00981085,0.00124355,-0.00001825,0.00458667,-0.00075084,0.00054789,0.00399936,0.00035827,-0.00004645,0.00132222,0.00613759,0.00234273,0.00381310,0.00853554,0.00065860,0.00583421,0.00284628,0.00005073,0.00648555,0.00016633,0.00031535,0.00370880,0.00104830,0.00069275,0.00024958,0.00114858,0.00096067,0.00547416,0.00061791,0.00153088,0.00736694,0.00887103,0.00265360,0.00408325,0.00287571,0.00000000,0.01786566,0.00257606,0.00004728,0.00208919,0.00026796,0.00127818,0.00026263,0.00022406,0.00119286,0.00103840,0.00035095,-0.00006135,0.01273818,0.00034277,0.00073603,0.00408053,0.00011000,0.00076418,0.00063601,0.00093702,0.00496185,0.00268696,0.00200780,0.00381291,-0.00018098,-0.00016356,0.00290474,0.00109036,0.00680724,0.00026682,0.00486348,-0.00006795,0.00121825,0.00472976,0.00250213,0.00006149,0.00346646,-0.00012631,0.00163909,0.00029250,0.00796708,0.00203407,0.00765622,0.00065968,0.00466755,0.00323385,0.00069450,0.00004329,0.00759149,-0.00059254,0.00003264,0.00182309,0.00873365,0.00000356,0.01424430,0.00130268,0.00173227,0.00686564,0.00876811,0.00448297,0.00901388,0.01229453,0.00075490,0.00195965,-0.00018309,-0.00005605,0.00395470,-0.00025958,0.00360128,0.00200244,-0.00037051,0.00020146,0.00142859,0.01343515,0.00049016,0.00099639,0.00527767,0.00007815,0.00426808,0.00029559,0.00247625,0.00514611,0.00032429,-0.00004696,0.00144291,-0.00042364,0.00101046,0.00666701,0.00867160,0.00544834,0.00620861,0.00832304,-0.00003866,0.01344817,0.00331409,-0.00017912,0.00687605,0.00115148,0.00046891,0.00375089,0.00051881,-0.00010719,0.00011165,0.00458240,0.00018050,0.00372319,0.00089641,0.00031104,0.00449487,0.00439538,0.00316946,0.01559681,0.00098435,0.00082989,-0.00045102,0.00503543,0.00296916,0.00098708,0.01379708,0.00003685,0.00667027,0.00910251,0.00429923,0.00451347,-0.00040271,0.00544683,-0.00006283,0.00274264,-0.00016166,0.00810135,0.00198440,0.00323447,0.01338719,0.00768875,0.00422215,0.00265719,0.00200931,0.00387761,0.01295209,0.01083286,0.00258769,0.00197167,-0.00025040,-0.00015860,0.01158858,0.01290067,-0.00005217,0.00362718,0.01019723,0.00000698,0.01109055,0.00378922,0.00325751,0.00894207,0.00226440,-0.00010568,0.00749102,0.00541048,0.00253010,0.01154150,0.00675296,-0.00002457,0.01356622,0.00265614,0.00662193,0.01146443,0.00335729,-0.00000490,0.00653842,0.01261295,0.00034320,0.00365081,0.00525151,0.00624551,0.00672513,0.00310323,0.00543922,0.00460975,0.00926313,0.00121060,-0.00017425,0.00154121,0.00302919,0.00749684,0.00752773,0.00260866,0.00178770,0.01506704,-0.00030393,0.01632366,0.00001755,0.00042827,0.01165496,0.00958017,0.00161431,0.00364063,0.00280925,0.00005803,0.00996042,0.00438887,0.00322967,0.00665544,0.01419966,0.00041271,0.00225628,-0.00051865,-0.00047085,0.00746231,0.01173538,0.00339533,0.00545820,0.00126695,-0.00010091,0.00360121,-0.00056844,0.00126620,0.00374259,0.00770772,0.00215667,0.00487029,0.00526813,0.00346427,0.00254692,0.00990964,0.00000000,0.00983015,0.00175141,0.00137791,0.00188202,0.00569541,0.00098166,0.01050031,0.00170322,0.00259861,0.01536003,0.00098434,0.00257305,0.00884489,0.00044112,0.00137342,0.01301391,0.01596828,-0.00003397,0.00909287,0.00774665,0.00355079,0.01020785,0.00117664,0.00039205,0.00103638,0.01299504,0.00216437,0.00464218,0.00327494,0.00149755,0.00156506,0.00342791,0.00000562,0.01013506,0.00324068,0.00057019,0.00456111,0.00291570,0.00105152,0.00493291,0.00006525,0.00033206,0.00636173,0.00418773,0.00249167,0.00828541,0.00153682,-0.00000491,0.00306232,0.00883025,-0.00021541,0.00324194,0.01559981,0.00156989,0.00336090,0.00130744,-0.00009722,0.01454997,0.00374125,0.00087002,0.00087135,0.00704550,0.00169386,0.00110228,0.01605834,0.00060384,0.00495498,0.00138404,0.00000351,0.02288998,0.00432193,0.00360596,0.00439674,0.00414849,0.00308483,0.00515546,0.00576421,0.00026483,0.00355777,0.00885784,-0.00046161,-0.00016924,0.00435822,-0.00039868,-0.00000444,0.01186398,-0.00001952,0.00970094,0.00048302,0.00029915,0.00414761,0.00654672,-0.00025982,0.01177285,0.00005632,0.00312361,0.00264217,0.00195047,-0.00002051,0.00398650,0.00092676,0.00379600,0.00058623,0.00028440,-0.00003519,0.01123978,0.00009509,0.00259774,-0.00025850,0.00708489,0.00225854,0.00257571,0.00992969,0.00291758,0.00643820,0.00144395,0.00010089,0.00120273,0.00339174,0.00150062,0.00055696,0.00730695,-0.00018859,0.00068572,-0.00031867,0.00115549,0.00285582,0.00661902,0.00289382,-0.00027712,0.00374940,-0.00046715,0.00184015,-0.00027728,-0.00032077,0.01118948,0.00181602,0.00310607,0.00126028,0.00154243,0.00255749,0.00735379,0.00505283,0.00166636,-0.00006214,-0.00003016,-0.00001645,0.00884484,0.00550056,0.00554276,0.00132927,0.00362269,0.00301410,0.00201313,0.00059981,-0.00013862,0.00640465,0.00129275,0.00191853,0.00185768,-0.00014770,0.00122048,0.00140593,0.00017008,0.00015479,-0.00076564,0.00315793,0.00273242,0.01037692,0.00679555,-0.00013120,0.00150469,-0.00027770,0.00069385,0.00074334,0.00205000,-0.00003064,0.01868792,0.00194022,0.00012359,0.01101083,0.00206133,0.00381583,0.00453429,-0.00088775,0.00031688,0.00961180,0.00374519,0.00339089,0.00473712,0.00452131,0.00085630,0.00367340,0.00050300,0.00094296,-0.00053725,0.00227995,-0.00007895,0.00906256,0.00422102,-0.00004549,0.00690521,0.00010082,0.00204426,0.00416948,0.00294620,0.00031778,0.00900692,0.00999413,0.00025444,0.00166939,0.00109066,-0.00002103,0.01603819,0.00126050,0.00056506,0.00313311,0.00998099,0.00008687,0.02115983,0.00014253,0.00026464,-0.00003707,0.00723011,-0.00026532,0.00090309,0.00553966,0.00041782,0.00245812,0.00788964,0.00001669,0.00690758,0.00238571,0.00104143,0.00232533,-0.00025028,-0.00001618,0.01099172,0.01242799,0.00000102,0.00294457,0.00722707,0.00698617,-0.00011366,0.00022765,0.00088521,0.00302520,0.00728473,-0.00010969,0.00052703,0.00654037,0.00088476,0.00549685,0.00074614,0.00247389,0.00164815,0.00014167,0.00571436,0.00190756,0.00642906,0.00535246,0.00463775,-0.00029594,0.00184618,0.00753539,-0.00011452,0.00001552,0.00019643,-0.00011919,-0.00018726,0.00374424,0.00693935,0.00090165,0.00050193,0.00107326,-0.00006431,0.01294423,-0.00007666,0.00150847,0.00039124,0.00708340,0.00149948,0.00330696,0.00096034,0.00155299,-0.00003271,0.00402988,0.00160225,0.00085257,-0.00039858,-0.00018600,0.00067141,0.00413949,0.00021313,0.00742674,0.00886676,0.00004282,0.00613238,0.00040743,0.00266987,0.00040882,0.00000000,0.00327471,0.00220531,0.00575115,0.00065092,0.00047597,0.01464857,-0.00014590,0.00530846,-0.00098481,0.00244577,0.00500158,0.00483037,0.00110531,0.00184920,0.00211442,0.00558075,0.01652400,0.00123519,0.00275623,0.00200290,0.00309636,0.00174322,0.00104079,-0.00032067,0.00070596,-0.00005716,0.00020686,-0.00015393,0.00986606,0.00094839,-0.00030848,0.00016763,0.00521986,0.00111240,0.00840178,0.00237706,0.00321433,0.00024049,0.00069363,0.00118524,0.00083532,0.00341648,0.00317273,0.00011348,0.00232997,0.00203835,0.00036845,-0.00043295,0.00523525,0.00280694,0.00572728,0.00151289,0.00271865,0.00334089,-0.00005476,0.00441070,-0.00041483,0.00020509,0.01209439,0.00004738,0.00001508,0.00339416,0.00302273,0.00553954,0.00641912,0.00151110,0.00386552,0.00292968,0.00128101,-0.00016453,0.00799805,0.00363570,0.00101496,0.00626631,0.00360269,0.00012028,0.00497901,0.00164801,0.00047718,0.00822006,0.00395507,0.00215544,0.00026008,0.00003799,0.00098720,0.00489443,0.00086969,0.00279217,0.00338808,0.00430449,0.00026569,0.00756364,0.00285851,0.00002636,0.00098654,0.01135990,0.00091248,0.00365131,0.00729345,-0.00029963,0.00397604,0.00903259,-0.00066155,0.00062410,0.00814276,0.00063040,0.00198212,0.00979724,0.00048222,0.00817332,0.00017719,0.00375756,0.00335301,0.00145727,0.00147223,0.00944829,0.00360037,0.00035317,0.00075214,0.00392373,-0.00004170,0.00887877,0.00999689,0.00391866,0.00228658,0.01007396,0.00003540,0.01362274,0.00630522,-0.00000697,0.01089442,0.00490278,-0.00004662,0.00638152,0.00001827,0.00080883,0.00039010,0.01016180,-0.00012880,0.01300204,0.00858949,0.00006471,0.00740407,0.00516474,-0.00010641,0.00932487,0.01526056,0.00115696,0.00049671,0.00787670,0.00396467,0.00104939,-0.00022910,0.00010881,0.00812825,0.00376438,0.00001650,0.00356269,0.00839661,0.00157691,0.00813006,0.00265930,-0.00008746,0.01283058,0.00007091,0.00241743,0.01220400,0.00040250,-0.00005879,0.00404889,0.00211409,0.00042867,0.00139610,0.00155055,0.00003410,0.01148586,0.00189062,0.00092795,0.00605470,0.01263156,0.00428740,0.00563640,0.00475012,0.00578846,0.00259118,0.01771630,0.00256606,0.00550041,0.01198139,0.00116659,0.00560928,-0.00020387,0.00108334,0.00762008,0.00052658,0.00208198,0.00767196,-0.00038157,0.00079390,-0.00047208,0.00736033,0.00406973,0.00169112,0.00048677,0.00042749,0.00419113,0.00607101,-0.00003214,-0.00043297,0.00021567,-0.00002699,0.00145322,0.00036036,0.00043578,0.00809720,0.02022773,0.00000000,-0.00012828,0.00795721,0.00400956,0.00537149,0.01026780,-0.00002222,0.01325612,0.00509336,0.00012894,0.00041366,0.00839541,0.00161339,0.00129881,0.00016427,0.00095484,0.00853856,-0.00035999,-0.00025574,0.00062827,0.00059055,0.00019246,0.00151963,0.00619118,0.00696182,0.00320354,0.01097116,0.00678356,0.00219299,0.01578406,0.00000000,0.00768424,0.00456546,0.00084733,0.00240010,0.01296030,0.00591097,0.00303896,0.00400499,-0.00002163,0.00679015,-0.00025767,-0.00016282,0.00587361,0.00011342,0.00256587,0.00716687,0.00089183,0.00121208,0.00936425,0.00667659,0.00019542,0.00094098,0.00238997,0.00094662,0.00660997,0.00156479,-0.00021674,0.00742217,0.00495034,0.00534383,0.00803571,-0.00043033,-0.00002412,0.00691438,0.00375683,0.00125343,0.00465124,0.00030335,-0.00016741,0.00884311,0.00822726,0.00145124,0.01176689,0.00161011,0.00103224,0.00181170,0.00038966,-0.00024486,0.00355677,0.00697763,0.00411847,0.00367932,0.00026418,0.00002300,0.00400614,0.00002092,0.00024876,0.00663518,0.00658244,0.00101302,0.00272135,0.00216519,0.00511508,0.00325102,0.00353191,0.00436374,0.00240413,0.00005999,0.00008179,0.00040938,0.00517826,0.00059463,0.00118139,0.01129536,0.00207925,0.00374943,0.00117245,-0.00012190,0.00059898,0.01202641,0.00029264,0.00576742,0.01213291,0.00060645,0.00654591,0.00007993,-0.00075498,0.00210652,0.00604264,0.00119470,0.00438369,-0.00029821,0.00088976,-0.00007685,0.00361612,-0.00011025,0.00077181,0.00592402,0.00036396,0.00317626,0.01004823,0.00001087,0.00786082,-0.00080905,-0.00015276,0.00747603,0.00251476,0.00282866,0.00068768,0.00198032,0.00094536,-0.00002081,0.00653889,0.00048265,0.00898993,0.01008641,0.00130690,0.01173455,0.00128745,0.00015725,0.00208430,0.00172537,0.00088212,0.00011137,0.01128111,-0.00012161,0.00174990,0.01359236,-0.00005851,0.00206792,0.00786568,0.00191552,-0.00008370,0.00015311,-0.00030200,0.00947951,-0.00059416,-0.00013992,0.01014314,0.01190531,-0.00016634,0.00151432,-0.00031407,-0.00010699,0.00287811,0.00127518,0.00116708,0.00601884,-0.00010624,0.00193746,0.00798231,-0.00061914,0.00156748,0.00529803,-0.00083762,0.00045843,0.00555887,0.00310161,0.00091741,0.00322300,-0.00008546,0.00237379,0.00284585,0.00755229,0.00015883,0.00825300,0.00397921,0.00041865,0.00306718,0.00107270,0.00159992,0.01207936,-0.00159034,0.00100360,0.01214391,-0.00063357,0.00090891,0.00395615,0.00505646,0.00255487,0.00019595,0.00180156,0.00031911,-0.00041459,0.00991751,0.00141050,0.00303137,0.00945962,0.00083561,0.00259339,0.00568530,0.00032960,0.00400846,0.00594772,-0.00065588,0.00027354,0.00327265,0.00009358,0.00701616,-0.00009115,-0.00010329,0.00487010,0.00245861,-0.00008831,-0.00047720,0.00143929,0.00289635,0.00528459,-0.00049739,0.00015242,0.00469917,0.00157077,-0.00012584,0.00093938,0.00299482,-0.00008856,0.00141193,-0.00092318,-0.00025325,0.00443426,0.00957763,0.00079563,0.00061084,0.00108880,-0.00007526,0.00088203,0.00271682,-0.00005635,0.01123013,0.00016361,0.00000023,0.00828030,0.00765868,0.00077544,0.00539644,0.00299154,-0.00055039,0.00732241,0.00560408,0.00050310,0.00118665,0.00045242,0.00003012,0.01616478,0.00074269,0.00185649,0.00431453,0.00062470,0.00286364,0.00547932,0.00046934,-0.00012610,0.00950118,0.00177110,-0.00018248,0.00970701,0.00453388,-0.00013335,0.00159055,-0.00058443,-0.00017761,0.00402854,-0.00023167,-0.00003500,0.00338738,0.00319244,0.00001744,0.00369257,0.00104296,-0.00023355,0.00562648,-0.00117491,0.00089669,0.01887363,0.00325519,-0.00004959,0.00730148,-0.00008654,-0.00045887,0.01377440,-0.00064623,0.00261951,0.00412155,0.00237040,0.00164732,0.00210052,0.00707610,0.00093030,0.00571183,0.00496740,-0.00010497,0.00156286,0.00106121,0.00062981,0.00337911,0.00036339,-0.00005427,0.00210228,-0.00073837,-0.00030365,0.00207165,0.00340718,0.00223870,0.00622961,-0.00065009,-0.00036367,0.00304060,0.00131100,-0.00000392,0.00614493,-0.00109551,0.00052488,0.00825140,0.00070441,-0.00027884,0.00547909,-0.00109353,0.00129684,0.00537232,-0.00004654,-0.00023592,0.00357072,0.00472458,0.00016761,0.01265234,0.00741155,-0.00000603,0.01193773,0.00571619,0.00096486,0.00671824,0.00179466,0.00262172,0.00075954,-0.00045157,0.00042418,0.00389302,-0.00061201,-0.00035014,0.00911097,0.00467745,0.00000255,0.01703946,0.00869737,0.00112599,0.00842294,0.00042039,-0.00015861,0.01104206,0.00598880,-0.00050187,0.00023710,0.00915992,0.00041644,0.00697612,0.00420876,0.00149767,0.01091428,0.00293445,0.00027346,0.00267674,0.00063781,-0.00015320,0.00546761,0.00053772,0.00086937,0.00190506,0.00218882,0.00115074,0.01020639,0.00383173,0.00103374,0.00152573,0.00379907,0.00436610,0.00636769,0.00093313,0.00031627,0.00785376,0.00248519,0.00201253,0.01059141,0.00320184,0.00105395,0.00094496,0.00383561,0.00379516,0.00156855,0.00011795,0.00269601,0.00319126,-0.00015667,0.00087431,0.01521913,0.00080239,0.00181751,0.00138151,0.00202079,-0.00001540,0.00454289,-0.00035641,-0.00001767,0.00200062,0.00031524,0.00163304,0.00402913,-0.00020163,-0.00012527,-0.00002382,0.00096898,0.00015086,0.00929748,0.00475960,0.00014199,0.00408696,0.00231467,0.00109393,0.00019768,0.00003641,0.00021986,0.00551588,0.00731020,0.00347781,0.00064887,0.00834784,0.00026233,0.00728185,-0.00036441,-0.00011450,0.00579083,-0.00032570,0.00000000,0.01168603,0.00255730,0.00009862,0.01617659,0.01008758,-0.00008526,-0.00045264,0.00067806,0.00289661,0.00534622,0.00305476,0.00192149,0.00163071,0.00420203,0.00020856,0.01599109,0.00581919,0.00010221,0.00896168,0.00467554,-0.00000168,0.01051928,0.00187503,0.00134782,0.00665050,0.00215017,0.00063988,0.01100417,0.00055211,-0.00017594,0.00164248,0.01613914,0.00325232,0.00320970,0.00483920,0.00284767,0.00216415,-0.00000424,0.00068040,0.00931714,-0.00071382,-0.00003791,0.00614954,0.00125580,-0.00017785,0.01849936,0.00373237,0.00048775,0.00182086,0.00483393,0.00020363,0.00026756,0.00219352,0.00116123,0.00192698,0.00391340,0.00053426,0.00111847,0.00437415,0.00072013,0.00691184,0.00594152,0.00268339,0.00698462,0.00735642,-0.00004953,0.00724408,0.00059561,0.00249000,0.00038670,0.00273745,-0.00008960,0.00556207,0.00303490,0.00064029,-0.00004173,0.01036339,-0.00002648,0.01781055,0.00219915,0.00018983,0.00963263,0.01025431,0.00002436,0.00005027,0.00057751,-0.00001699,0.02309358,0.00262538,0.00008771,0.00305420,0.00119085,0.00001781,0.00724088,0.00050134,0.00066109,0.00967474,0.00969463,-0.00014680,-0.00025639,0.00088900,0.00072879,0.00549856,0.00683996,0.00040948,0.00496824,0.00222028,0.00012219,0.00681952,0.00000407,0.00199195,0.00148393,0.00116137,0.00132232,0.00258906,0.00159221,0.00093889,0.00243951,-0.00000866,0.00019176,0.02121736,0.00148576,0.00211664,0.00012873,0.00054997,0.00069344,0.00023833,0.00859251,0.00185727,0.00375151,-0.00004052,-0.00043076,0.02136899,0.00660080,0.00112269,0.00279042,0.00414914,0.00098035,0.00235985,0.00016938,0.00226980,0.01098646,0.00683059,0.00110487,0.00228600,0.00161151,0.00207188,0.00095759,0.01167089,0.00036776,0.00326540,0.00036794,0.00348881,0.01470259,0.00462998,0.00138630,0.00358906,0.00060486,0.00084261,-0.00091815,0.00256509,-0.00055662,0.00245847,0.00195663,0.00170853,0.00021396,0.00463565,0.00030238,0.00505709,0.00827223,0.00000000,0.01027378,-0.00043633,-0.00008680,0.00310338,0.01929249,0.00000102,0.00260351,0.00344249,-0.00021734,0.00164443,-0.00001069,0.00000000,0.01268090,0.00182622,0.00004318,0.01129980,0.00340963,0.00000634,0.00724172,0.00380234,0.00038889,0.01486103,0.00149375,0.00290516,0.00115821,0.00206824,0.00052766,0.00098051,0.00539539,-0.00009896,0.00650638,0.00890812,-0.00000344,0.01136643,0.00004719,-0.00017189,-0.00041661,0.00092891,0.00461397,0.00313527,-0.00064603,0.00001751,0.00829215,-0.00043005,-0.00020934,0.00398972,0.00151753,-0.00013018,0.00334324,0.00100943,-0.00036440,0.00526932,0.00026732,0.00209291,0.01033391,0.00369185,0.00196083,0.00278013,0.00001640,-0.00018518,0.00884169,0.00048058,0.00013949,0.00712625,0.00743640,-0.00012485,0.00153206,0.00561737,0.00319368,0.00690060,0.00241995,0.00299675,0.00580089,0.00186846,-0.00018711,0.00974431,0.00422570,0.00307473,0.00224323,0.00220390,-0.00040784,0.00015800,-0.00022317,0.00015682,0.01099153,0.00516963,0.00357622,0.00282636,0.00920221,0.00221481,0.00193358,0.00071984,0.00206226,0.00152427,0.00714628,-0.00038404,0.00095737,0.00567608,0.00358129,0.00697551,0.00599467,0.00010073,0.01813731,0.00053427,0.00307573,0.00837335,0.00249351,0.00194734,0.00016222,0.00882775,-0.00004252,0.00975162,0.00071908,0.00063739,0.00276311,0.00169311,0.00162723,0.01099355,0.00262199,0.00061843,0.00263672,0.01405359,-0.00007778,0.00033630,0.00104662,-0.00002725,0.00218386,0.00613199,0.00505368,0.00341971,0.00528697,0.00603261,0.00584967,0.00575163,0.00344209,0.00678726,0.00844131,0.00083123,0.00505784,-0.00015365,0.00161928,0.00998401,-0.00019997,-0.00013558,0.00687814,-0.00022222,-0.00057710,0.00731337,0.00562123,0.00263277,0.00697179,0.00334423,-0.00022862,0.00713845,0.00074033,-0.00015581,0.01479804,0.00863701,-0.00000984,0.00970913,0.00046157,0.00404634,0.00586306,0.00608647,0.00188155,-0.00015754,0.00161060,0.00121348,0.00502923,0.00493130,0.00361306,0.00098702,0.00984300,0.00218779,0.01012498,0.00115400,0.00114451,0.00053612,0.00405994,0.00141193,-0.00013718,0.00141911,-0.00008770,0.00245434,0.00025355,0.00027930,0.00351123,-0.00015132,0.00231246,0.00343545,0.00031522,-0.00012124,0.00235868,0.00962624,-0.00000628,0.00834903,-0.00087078,0.00208848,0.00140439,0.00017334,0.00042196,0.00521355,0.00364585,0.00305199,0.00940342,0.00623845,0.00024182,0.00511226,0.00047899,0.00109844,0.00295265,-0.00053173,0.00001430,0.00690963,0.00501203,-0.00048816,0.00620596,0.00307106,0.00425801,0.00351482,0.00959108,0.00174783,0.00806548,0.00820658,0.00176673,0.00563471,0.00393661,0.00040650,0.00483881,0.00480237,-0.00008825,0.00193604,0.00129339,0.00298160,0.00392550,0.00098563,0.00031607,0.01014516,0.00264490,0.00059126,0.00394499,0.01911178,0.00072843,0.00481760,0.00006871,0.00068285,0.01315857,-0.00033066,0.00262639,0.00040081,0.00123856,-0.00048894,0.00352370,-0.00041675,0.00112256,0.01466340,0.00485785,0.00789335,0.00684525,0.01610728,0.00094677,0.00375767,0.00173722,0.00035657,0.00780005,0.00164836,0.00437188,0.00261645,0.00036986,0.00009596,0.00687844,0.00332757,0.00594141,0.00137622,0.00054781,0.00432978,0.00802581,-0.00033652,0.00264650,0.00194008,0.00566975,-0.00030724,0.00365336,0.00585788,0.00079108,0.01603095,0.00634170,0.00316202,0.01058150,0.00715551,0.00086520,0.01249019,-0.00011426,0.00068959,0.01109078,0.01300709,-0.00035052,0.00399845,0.00484612,0.00325575,0.01300167,0.00468929,-0.00009304,0.00608988,0.00140584,0.00242119,0.00754148,-0.00016666,-0.00028480,0.01111070,-0.00133566,0.00017815,0.00207374,0.00002346,0.00079605,0.00094580,0.01168149,-0.00011468,0.00258452,-0.00029968,0.00029436,0.00681418,0.00204046,0.00205677,0.00259031,0.00554929,0.00049148,0.00539220,0.00307071,0.00001126,0.00734595,0.00259967,0.00003586,0.00040842,-0.00064637,0.00000107,0.00609384,0.00063323,0.00026182,0.00399848,0.00017716,0.00178984,0.00630961,0.00137015,-0.00007543,0.00750066,0.00239103,0.00018600,0.00117455,0.00040509,0.00153827,0.00242951,0.01346677,0.00069998,0.00607204,-0.00031732,0.00123038,0.00387635,0.00138352,0.00017551,0.00747534,0.00310016,0.00168622,0.00009757,0.00185793,0.00052186,0.00324415,0.00117993,-0.00001680,0.00200867,-0.00041096,0.00000231,0.00372182,0.00293337,-0.00011298,-0.00045975,0.00020761,-0.00038815,0.00764740,0.00227712,0.00278553,0.00286567,0.00312777,0.00190624,0.00001462,0.00182841,0.00044367,0.00185578,0.00410949,-0.00002822,0.00273950,0.00560416,0.00220898,0.00209576,0.00055210,0.00081772,0.00316608,0.00016881,0.00041146,0.00347412,-0.00057736,0.00031769,0.00072221,-0.00058898,-0.00015429,0.00345881,0.00355711,0.00136600,0.00125863,0.00634289,0.00211440,0.00475312,0.00260622,0.00018054,0.00333114,-0.00020091,0.00212638,0.00057692,0.00138473,0.00314546,0.00376236,0.00925419,-0.00026571,0.00527195,-0.00034735,0.00031308,0.00728172,-0.00020625,-0.00011177,0.00295047,0.00052334,0.00078911,0.00150356,0.00477441,0.00071831,0.00141665,-0.00023261,0.00033293,0.00514741,0.00590463,0.00006630,0.00645172,-0.00024402,0.00002367,0.02040151,0.00037460,0.00384840,0.00377888,0.00499681,-0.00008664,0.00098064,0.00323467,0.00126777,0.01134779,0.00077371,0.00056817,-0.00005925,0.00343177,0.00009000,-0.00061182,0.00068824,0.00097232,0.00258627,0.00013479,-0.00059589,0.01883741,0.00570588,-0.00038710,0.00433124,-0.00047585,-0.00052440,0.00110506,0.00933290,-0.00005643,0.00224282,0.00611885,0.00060623,0.00128772,0.01315239,-0.00000869,0.01177101,0.00163024,0.00271800,0.00509305,0.00779779,0.00222818,0.00647392,0.00478228,0.00495525,0.00431840,0.00100339,0.00110568,0.00374087,0.01021428,0.00463307,0.00445889,0.00232568,-0.00013341,0.00425093,0.01020003,0.00130253,0.00675857,0.00457086,0.00127840,-0.00330732,0.00981587,0.00033987,0.00086134,0.00981904,0.00049962,0.00297664,0.00144114,0.00052790,-0.00042947,0.00062605,-0.00001085,0.01153532,0.00350511,-0.00004942,0.01047314,0.01068135,0.00063085,0.00270530,0.00413026,0.00012393,0.00059462,-0.00009806,0.00163228,0.00037480,0.00339898,0.00006719,0.00593979,0.00532628,0.00658471,0.00296152,0.00773615,0.00312079,0.00032953,0.00464227,0.00032178,0.01478262,0.00026780,0.00138721,0.00107608,0.00481688,0.00167775,0.00102935,0.00498919,0.00347554,0.00056074,0.00661906,0.00045847,0.00347534,0.00826202,0.00063252,0.00164565,0.00270361,0.00073431,-0.00000918,-0.00013131,0.00200056,0.00164923,-0.00006067,0.00000221,0.00594926,0.00363561,0.00104367,-0.00016680,0.00007851,0.00003590,0.00428877,-0.00051109,-0.00021052,0.00382698,0.00038988,0.00011990,0.00050598,0.00436735,-0.00001452,0.00484634,0.00541044,0.00124128,0.00035433,0.00562131,0.00011732,0.00757707,0.00179401,0.00282591,0.00123516,-0.00021043,-0.00014915,0.00054274,0.00072027,-0.00027741,0.00082989,0.00322960,0.00051802,0.00046350,-0.00023599,0.00077599,0.00822814,0.00435694,0.00412359,0.00695300,0.00088106,-0.00011751,0.01008595,0.00332788,0.00006624,0.01836636,0.00125213,0.00472017,0.00133748,0.00680135,0.00045535,0.00519280,0.00753952,0.00031753,0.00075966,0.00234213,-0.00002234,0.00126923,0.00455394,0.00652819,0.00060392,0.00121559,0.00137967,0.00736024,0.00129635,0.00724939,0.00251379,0.00609784,-0.00006086,0.00207745,0.01054366,0.00025285,0.00980140,0.00424488,0.00131511,0.00904639,0.00197523,0.00343354,0.00767381,0.00309331,0.00331113,-0.00074702,0.01339301,-0.00064325,0.00487025,0.00776901,0.00008856,0.00361562,0.00367448,0.00532649,0.00127298,0.00287528,-0.00035151,0.00463175,0.00644823,0.00296568,-0.00027737,-0.00001716,-0.00023546,0.00380795,0.00351644,0.00239658,0.00316011,0.00005297,0.00022494,0.00049853,0.00387688,0.00053229,0.00159328,0.00049042,0.00323403,0.00139044,-0.00022734,0.00023418,-0.00009560,0.00478142,-0.00003852,0.00202700,0.00571801,0.00060035,0.00434561,0.00719164,0.00108641,0.00072914,0.00722554,0.00177862,0.01043402,0.00518380,0.00058359,0.00388465,0.00882227,0.00000583,0.00131573,-0.00013383,0.00151813,0.00141205,0.00054501,0.00012497,0.00878885,0.00239549,0.00001833,0.01618287,0.00246151,0.00082260,0.00888372,0.00002637,-0.00016675,0.00000905,0.00532515,0.00130345,0.00882901,0.00342162,0.00151076,0.00380010,0.00104879,0.00000000,0.01938735,0.00423273,0.00112416,0.00307383,0.00296517,0.00046404,0.01063737,0.00721793,0.00419061,0.00088780,0.01185439,-0.00026679,0.00336490,0.00241395,0.00110319,0.01203178,0.01941011,0.00000483,0.01328779,0.00443401,0.00387874,0.00479772,0.00500584,0.00139199,0.00051226,0.00377744,0.00008916,0.00304378,0.00475940,0.00389355,0.00616478,0.01379483,0.00231816,0.00159464,0.00346557,0.00050840,0.00485992,0.00745263,0.00033045,0.00406216,0.00109928,-0.00032505,0.00075135,0.00054016,0.00082478,0.00118884,0.00221617,0.00178605,0.00225442,0.00225113,0.00153791,0.00302199,0.00009578,0.00048350,0.00282970,0.00437280,0.00097693,0.00322561,0.00316221,-0.00002466,0.01537563,0.00390276,0.00009979,-0.00001162,0.00232965,-0.00020951,0.00437242,0.00138928,0.00119817,0.00697155,0.00006034,-0.00006152,0.00586765,0.00827646,0.00007819,0.00108289,0.00248683,-0.00000168,0.00963135,0.01048888,0.00041877,0.00360255,0.00137776,0.00084836,0.00489251,0.00278795,0.00454530,0.00060996,0.00199758,-0.00015705,0.00846656,0.00233012,-0.00010809,0.00630910,0.00196941,0.00240321,0.00070513,0.00428782,0.00026915,0.00318783,-0.00000704,0.00017006,-0.00037576,0.00063125,0.00047177,0.00061533,0.00390769,0.00014719,0.01319512,0.00096476,0.00023522,0.00994137,0.00401411,-0.00006406,-0.00002970,0.00614786,0.00073886,0.00011842,0.00516621,0.00019281,-0.00031751,-0.00021231,0.00119565,0.00395448,0.00311717,0.00006810,0.01255817,0.00427400,0.00073214,-0.00070865,0.00242573,0.00162698,0.00046537,0.00513342,0.00069490,0.01076590,0.00410775,-0.00001433,0.01401892,0.00057757,0.00177282,0.01176639,0.00510570,0.00068828,0.00034856,-0.00011288,-0.00046166,0.00151036,0.00739211,-0.00003666,0.00617884,0.00139982,0.00011076,0.01339431,0.00226817,-0.00012439,0.00055213,-0.00012832,0.00006779,-0.00107121,0.00281172,0.00012198,0.00272667,0.01660688,0.00000000,0.00645277,0.00653160,0.00814574,0.00029317,0.00494673,0.00081028,0.00141562,0.00010526,-0.00009443,0.00667394,0.00197980,0.00236782,0.00401287,0.00084305,0.00048604,0.00156027,0.00497094,0.00093615,0.00386257,-0.00019802,0.00119504,0.01099639,0.00318603,0.00158045,0.00624750,0.00013926,0.00083212,0.00502295,0.00421238,0.00313798,0.00298049,-0.00021569,0.00121226,0.00589627,0.00842588,0.00195318,0.00455287,0.00335209,0.00139465,0.00259011,0.01463328,-0.00008245,0.01148807,0.00880148,0.00390279,0.00491142,0.00561519,-0.00004117,0.00108895,0.00377807,0.00335491,0.00137529,0.02161587,0.00006386,0.00971827,0.00661498,0.00275141,0.00029922,0.00509046,-0.00010939,0.00984896,0.00018159,0.00009601,0.00807783,0.01014354,0.00000000,0.00964908,0.00003541,-0.00025083,0.00563173,0.00305300,-0.00008973,0.00737996,0.00295772,0.00000000,0.00307664,0.00787711,0.00000509,0.00848525,0.01520249,0.00041013,0.00664209,0.00165321,0.00104857,0.00284284,0.00240974,0.00229089,0.00379266,0.00043243,0.00019327,0.00824793,-0.00002675,0.00268606,0.01072048,-0.00021076,0.00207273,0.00838279,0.00497720,-0.00016293,0.00647279,0.00422748,0.00180232,-0.00016786,0.01139370,0.00003976,0.00745314,0.00584869,-0.00047518,0.00115126,0.00741416,-0.00025712,0.00130709,0.00341554,0.00000034,0.00721777,0.00566637,0.00099579,0.00327860,-0.00010236,-0.00008000,0.00600073,0.00533930,0.00152893,0.00324586,0.01222628,0.00006566,0.00215298,0.00717580,0.00036900,0.00391264,0.01176662,0.00022403,0.00722548,0.00090230,-0.00010419,0.00253473,0.00071257,0.00010263,0.01102012,0.00850092,-0.00000714,0.00133650,0.00394737,-0.00008047,0.00954983,0.01368929,0.00224893,0.00741633,0.00025830,0.00008205,0.00749371,0.01263774,-0.00004157,0.00826398,0.00454772,0.00065549,0.00796773,0.00720714,0.00442063,0.00540698,0.00910108,-0.00031709,0.01544304,0.00595841,-0.00012114,0.00456421,0.01714738,-0.00002029,0.01060161,0.00270176,-0.00005958,0.00263571,0.00023489,-0.00013363,0.00569861,0.00410850,0.00300303,0.01209798,0.00904281,0.00068433,0.00722078,0.00744455,0.00281992,0.00767632,-0.00061671,-0.00012070,0.00500054,-0.00081832,-0.00001778,0.00304445,0.00040420,-0.00032041,0.00133417,0.00565783,0.00006647,0.00053882,-0.00066257,-0.00000100,0.01179521,0.00061085,-0.00007084,0.01015868,0.00353897,0.00000373,0.00355660,0.00136857,-0.00008385,0.00723370,-0.00016311,-0.00035169,-0.00028144,0.00122559,-0.00013754,0.00243879,0.00608329,0.00000000,0.01693418,0.00025094,-0.00005108,0.00702307,-0.00026470,-0.00007830,0.00326773,0.00784844,0.00156877,0.01118280,0.00062201,0.00521962,0.00063231,-0.00045995,-0.00000166,0.01421976,0.00083547,0.00079286,0.00613309,0.00018688,0.00045144,0.00752018,0.00278193,-0.00008331,0.00452752,-0.00097793,0.00001229,0.00395262,0.00127097,0.00057322,0.00255154,0.00291341,-0.00005918,0.00738326,0.00111436,-0.00003279,-0.00043081,0.00053292,0.00129363,0.00487072,0.00181059,0.00142594,0.00268013,-0.00027415,-0.00007081,0.00211254,0.00328023,0.00111462,0.00374104,0.00399245,0.00008793,0.00454183,0.00057981,0.00203132,0.00587142,0.00584510,0.00133382,0.00082259,0.00067566,0.00052808,0.00207877,0.00272652,-0.00000100,0.00739095,0.00270951,0.00080932,0.00118547,-0.00090401,-0.00004195,0.00354746,-0.00068364,-0.00009643,0.00982304,0.00063651,0.00003894,0.00423152,0.00029250,0.00018380,0.00051196,0.00079640,0.00012310,-0.00023608,-0.00027989,0.00250332,0.00086455,0.00094374,0.00000000,0.00815700,-0.00001751,0.00129496,0.00362041,0.01288516,0.00057487,0.00153379,-0.00016695,-0.00064785,-0.00025596,0.00001586,-0.00001886,0.00297493,0.00012749,0.00035212,0.00608202,-0.00039788,0.00033793,0.00016493,0.00003333,0.00001688,0.00136914,0.01563252,0.00130208,0.00313516,-0.00404792,-0.00015587,0.00334856,0.00769383,0.00028541,0.00185349,0.00540034,-0.00020266,0.00207717,0.00363047,0.00248895,0.00187933,-0.00065679,-0.00104021,0.00864150,0.00177577,-0.00008362,0.00836338,0.00360333,0.00047146,0.00119483,0.00581052,0.00604836,0.00299826,0.01270339,-0.00037273,0.00640846,-0.00054877,0.00171141,0.00436535,0.00935618,-0.00007225,0.00580397,-0.00007690,0.00164418,0.00442578,-0.00055965,-0.00089556,-0.00061248,0.00320247,0.00121067,0.00177484,0.00430548,0.00074369,0.00172603,0.00310441,0.00000526,0.01424339,0.00473644,0.00057056,0.00422144,0.00633797,0.00007177,-0.00008215,-0.00025004,-0.00073776,-0.00006214,0.00275012,0.00293284,0.00136040,0.01114811,-0.00020255,0.00017740,0.00728828,0.00016801,0.00104386,0.00122696,-0.00022483,0.00185424,-0.00088806,0.00213463,0.00154934,0.00193746,0.00238758,0.00095805,0.00732279,0.00001667,0.00128073,0.00405594,-0.00008017,0.00398424,0.00534648,-0.00007231,0.00104709,-0.00008141,-0.00059838,0.00418422,0.00268870,0.00058393,0.00441715,0.00418970,0.00297938,0.00034653,-0.00009831,-0.00012974,0.00285138,-0.00044868,0.00129639,-0.00010046,0.00215740,-0.00016459,0.00563715,0.00503865,-0.00025784,0.00439834,0.00468695,0.00045936,-0.00031384,0.00583171,0.00112581,0.00337412,0.00163354,-0.00004668,-0.00010905,0.00205277,-0.00011694,0.00373793,0.00437262,-0.00007127,0.00990269,0.00514289,-0.00000537,0.00223374,-0.00032154,0.00005114,0.00326062,0.01066730,0.00000407,0.00427902,0.00580910,0.00039959,-0.00065982,0.00432105,-0.00009475,0.00309318,0.00648536,0.00003373,-0.00119812,0.00099291,-0.00002469,0.00689756,0.00562960,0.00000272,0.00101521,0.01031449,0.00144338,0.00269227,0.00419888,0.00021587,0.00011164,0.00099749,-0.00002105,0.00677457,-0.00014901,0.00040252,0.00078719,0.00078240,0.00140790,0.00867217,0.01022122,0.00082239,0.00050994,0.00123654,0.00201018,0.00010398,0.00113419,0.00005982,0.00881654,0.00301605,0.00065638,0.00334622,-0.00006128,0.00016176,0.00329617,-0.00067287,-0.00000988,0.01200576,0.00048694,0.00103480,0.00214445,0.01111425,0.00000583,0.00755630,0.00514195,-0.00028129,0.00051127,0.00269508,0.00000000,0.00410575,0.00414934,0.00031803,0.01080613,0.00184701,0.00021326,0.00821380,0.00469411,0.00150847,-0.00003743,0.00193379,0.00004357,0.00172519,0.00596198,-0.00002616,0.00026278,0.00001345,0.00027950,0.00706002,0.00398637,-0.00020274,0.00134386,0.00260153,-0.00009463,0.00445948,0.00832175,0.00023041,-0.00014981,0.00303463,0.00017611,0.00000734,0.00327482,0.00153276,-0.00042488,-0.00018430,-0.00033872,0.00205606,0.00752448,0.00075636,0.01089859,0.00503103,0.00010400,-0.00035255,0.00508274,-0.00006472,0.00495285,0.01216410,-0.00001839,0.00119939,0.00463272,-0.00008108,-0.00023736,0.00839770,-0.00003194,0.00459160,0.01131307,-0.00021641,0.00062182,0.00161638,0.00179739,0.00110725,-0.00010669,0.00022692,0.00087405,-0.00017870,0.00046269,0.00415506,0.00035895,0.00114346,0.01102284,-0.00033568,0.00026657,0.00908212,0.00407519,0.00056367,-0.00043736,0.00224571,-0.00005854,0.01142458,0.00440681,0.00155169,0.00574549,0.00004651,0.00003972,0.00930704,0.00888278,0.00037188,0.00059560,-0.00050024,-0.00000130,0.00850373,0.00618641,-0.00008756,0.00394227,0.00713686,0.00334337,0.00046082,0.00018820,0.00053671,0.00828239,0.00035965,0.00163701,0.01046795,0.00393265,0.00269614,0.00790628,0.00814650,0.00124106,0.00054251,0.00727440,0.00530989,0.00530839,0.00242016,-0.00012515,0.00490449,0.00198472,-0.00046867,0.01264139,0.00345563,0.00303099,0.00439881,0.00177154,-0.00001931,0.00042187,-0.00002094,0.00009547,0.00520755,0.00632080,-0.00004191,0.00057429,-0.00033866,-0.00020696,0.00184281,0.00491019,0.00003446,-0.00008861,0.01097307,0.00119775,0.00220293,-0.00014243,0.00031932,0.00192822,0.00167761,0.00000000,0.00816896,0.00858426,-0.00011440,0.00918315,-0.00015562,-0.00041475,-0.00042298,0.00517702,0.00119664,0.00204000,0.00811730,0.00239383,0.00532914,0.00135650,0.00072055,-0.00005100,0.00338798,-0.00005609,0.00779625,0.00248458,0.00040196,0.00242990,0.00517206,0.00022889,-0.00071923,-0.00018284,0.00105174,0.00514820,0.00823374,0.00041533,0.00014461,0.00630396,0.00346425,0.00495102,0.00349011,0.00000000,0.00193424,-0.00014061,-0.00001358,0.01288971,-0.00038679,-0.00013749,0.00641623,0.00852793,0.00159923,0.00480639,0.00515203,0.00012625,0.00024869,0.00047598,0.00044399,0.00086168,0.00460136,0.00442561,0.00627603,0.01071031,0.00000000,0.00391498,0.00009236,0.00035039,0.00628418,0.00015916,-0.00000885,0.01716520,0.00005893,0.00143529,0.00324228,0.00029875,-0.00037119,-0.00002752,0.00704976,-0.00023598,-0.00002768,-0.00013261,-0.00007743,0.01138855,0.00834794,0.00032126,0.00269697,0.00920471,-0.00010265,0.00930464,0.00669270,0.00111103,-0.00063174,0.00563028,-0.00005551,-0.00032849,-0.00092733,0.00227493,0.00389954,0.00741816,0.00398535,0.00409719,0.00822528,0.00041440,0.00027469,-0.00001628,-0.00000253,0.02395496,-0.00018365,-0.00022920,0.00804605,0.00220963,0.00056953,0.00241142,0.00071031,0.00019002,0.00965739,0.00610241,-0.00001306,0.00195962,-0.00077441,-0.00014709,0.00886722,0.01338026,0.00138425,0.00033912,0.00165917,0.00055603,0.00265097,0.01043131,0.00063970,0.00601604,0.00859444,0.00088526,0.00069515,0.00157267,0.00083371,0.00282213,0.00858907,0.00343961,0.00180794,0.00219068,0.00044647,0.00235393,0.00268998,-0.00000322,0.00388860,0.02113606,0.00014670,0.00238251,-0.00054909,0.00149121,0.00016362,-0.00027623,-0.00011270,0.00281561,0.00554184,-0.00006860,0.00426008,-0.00009289,0.00007873,0.00254990,0.00183453,0.00016532,0.00078325,-0.00008709,0.00235845,0.00144747,0.00270893,0.00000634,0.00702979,0.00161454,-0.00007638,0.00335409,0.00581635,0.00251104,0.00680255,0.00527450,0.00029163,0.00005173,0.01407725,0.00012425,0.00146758,0.00021218,0.00011790,-0.00088001,0.00310675,-0.00002320,0.00725942,0.01462357,-0.00005354,0.00591000,0.00015296,0.00145526,0.00113422,-0.00003755,0.00005169,0.00266173,0.00369080,-0.00033567,0.00580160,0.00245148,0.00307797,0.00661693,0.00114939,0.00025580,0.00422770,0.00382450,0.00188867,0.00142381,-0.00020481,0.00138966,0.00487031,0.00182692,-0.00011050,0.00078029,0.00593801,0.00045952,0.00643587,0.00202006,-0.00002799,0.00291188,0.00106701,0.00267624,0.00385920,0.00253212,-0.00014039,0.00343663,0.00484554,0.00053671,0.00928245,0.00744795,0.00400497,0.00482808,-0.00044143,0.00121494,0.00293246,-0.00012941,0.00011742,0.00392446,0.01158866,0.00007259,0.00326119,-0.00031517,0.00126053,0.00353481,0.00146900,0.00004686,0.00537673,-0.00010296,-0.00001446,0.01183610,0.00681080,0.00006079,0.00451687,0.00333233,-0.00001673,0.00550787,0.00462373,-0.00009587,-0.00011622,0.00047575,0.00348577,0.00056949,0.00288042,0.00281796,0.00405226,0.00439487,0.00105916,0.00564297,0.00267451,0.00199735,0.00223982,0.00977831,0.00086385,0.00154249,0.00073503,0.00156440,0.00088865,0.00179212,0.00391548,0.00496987,0.00484914,-0.00001693,0.02017421,0.00281622,0.00034270,0.00539400,0.00072383,0.00260127,0.00433813,0.01603729,0.00106260,0.00025840,0.00386962,0.00127911,0.00027544,0.00001691,0.00297052,0.00374199,-0.00000452,0.00237826,0.00408423,0.00427444,0.00269271,0.00430986,0.00712620,-0.00020752,0.01064405,-0.00035530,0.00065962,-0.00014932,0.01414308,-0.00009827,0.00161356,0.00104941,0.00039753,0.01078041,0.00051165,0.00360100,0.00107790,0.00339768,-0.00014352,0.00727948,0.00300400,0.00008917,0.00605041,-0.00028771,-0.00008881,0.00059158,-0.00003380,0.00007341,0.00074930,0.00542333,-0.00012642,-0.00068611,0.00177230,0.00097783,0.00625217,0.00297328,0.00000379,0.01007041,0.01080456,-0.00029060,0.00205431,0.00154965,0.00269117,0.00083012,0.00201713,-0.00004712,0.00899280,0.00100456,0.00166703,0.00160282,0.00844924,0.00032759,0.00025807,0.00107010,0.00064490,0.00634069,0.00134329,-0.00007568,0.00498913,0.00132933,0.00049560,0.00467913,0.00890265,0.00003240,0.00114623,0.00014508,0.00000316,0.00122372,0.00001754,-0.00009477,0.00148039,0.00820865,0.00059098,0.00677286,0.00702072,-0.00002082,0.00014458,0.00048754,0.00082284,0.00342563,0.00459485,0.00049635,0.00321024,-0.00038960,0.00066322,0.00738295,0.00366048,0.00056446,0.00486219,0.00267910,0.00043164,0.01725548,-0.00008256,0.00164023,0.00643774,0.00024246,0.00216406,0.00040720,0.00435609,0.00033524,0.00459643,0.00953232,0.00000000,0.00127353,0.00087461,0.00046664,0.00301112,0.00202572,-0.00051277,0.00167472,0.00102676,0.00077336,0.00096424,0.00017598,-0.00006597,0.01407350,0.00080324,-0.00046632,0.00141425,-0.00021221,0.00357311,0.00442139,0.00098862,-0.00002252,0.00660626,0.00351010,-0.00007511,0.00217744,0.00751366,0.00127343,0.00331268,-0.00055227,0.00000517,0.01110604,0.00516357,-0.00019784,-0.00067925,0.00728832,-0.00002987,0.00481714,-0.00025104,0.00026577,0.00250607,-0.00018890,0.00000379,0.00849972,0.00139729,-0.00026894,0.00000926,0.00876406,-0.00008701,0.00251461,-0.00009796,0.00171850,0.00350595,0.00127142,0.00003429,0.00604692,0.01149767,0.00326942,0.01018989,0.00339052,0.00054330,0.00146703,0.00828454,-0.00045475,0.00377715,0.00254087,0.00138261,0.00755518,-0.00029373,0.00067684,0.00506457,0.00236552,0.00010959,0.00917447,-0.00008321,0.00284213,0.00997946,0.01346729,0.00022820,0.00039895,0.00039386,0.00046322,-0.00020844,0.00568906,0.00483042,0.00248225,0.00558999,0.00478748,-0.00007041,0.00395863,0.00070058,0.00465587,0.01002506,0.00120126,0.00011255,0.00189413,-0.00014444,0.00979856,0.00413173,-0.00022939,0.01174849,-0.00025110,0.00159881,0.00963197,-0.00064818,0.00111516,0.00027938,0.00311436,-0.00001626,0.00802595,-0.00028393,0.00072069,0.00797113,0.00603591,-0.00006085,0.00920345,-0.00007121,0.00256036,0.00595272,0.00453050,-0.00024454,0.01034809,0.00024402,0.00182357,0.00511167,-0.00013858,0.00268078,0.00138393,0.00294386,0.00024542,-0.00041199,0.00987006,0.00024782,0.00547950,0.00082616,0.00164162,0.00746117,0.00432930,0.00011603,0.00479508,0.01210812,0.00348264,-0.00019811,0.00351429,0.00224250,0.00202841,0.00877673,0.00078762,0.00844070,-0.00069552,0.00199539,0.00648580,0.00176546,0.00028431,0.00694674,0.00223208,0.00064124,0.00025116,0.00354634,0.00381978,0.00748279,0.00317942,0.00136094,-0.00004786,0.00725548,0.00031155,0.00219103,0.00560529,-0.00012117,0.00662674,0.00544500,0.00253064,-0.00015584,0.00261078,-0.00030418,-0.00013950,0.00095776,-0.00016930,0.00051921,0.00380778,0.00146579,0.00035237,0.00436545,0.00289150,0.00242633,-0.00061319,0.00013199,0.00854560,0.00124544,-0.00000736,0.01452979,0.00056836,-0.00007691,0.00221530,0.00426902,0.00079419,0.00157334,0.00066417,0.00007788,0.00368920,0.00319538,-0.00004249,0.00588351,0.00071192,-0.00006099,0.00049114,0.00797207,0.00005051,0.00158474,0.00214959,0.00224257,0.00576560,0.00559354,0.00008203,0.01016051,0.00374041,-0.00005753,0.00685249,0.00280172,0.00029219,0.00351666,0.00183601,0.00162885,0.00530116,0.00335565,0.00167190,0.00363507,0.00489126,-0.00007978,0.00496648,0.00255802,0.00104241,0.00795425,0.00159442,0.00098758,0.01029798,-0.00050943,-0.00010785,0.00672058,0.00159516,0.00075012,0.00108404,-0.00003546,-0.00055710,0.00741841,0.00879766,0.00091542,0.00423962,0.00500724,0.00018726,0.00643461,0.00173817,0.00000337,0.02152384,0.01029970,0.00069447,0.00476740,0.00841988,0.00075490,0.00247426,0.00241279,0.00065166,0.01103447,-0.00020910,-0.00016636,0.02189458,0.00183978,0.00370358,0.00501085,0.00329519,0.00493141,0.00572064,0.00312708,0.00082717,0.01082246,0.00310464,0.00079477,-0.00384310,0.00398177,0.00084792,0.00552750,0.00027451,-0.00000209,0.00872135,0.00391934,-0.00000983,0.00007572,0.00163832,0.00180725,0.00745565,0.00146972,0.00736960,0.00685330,0.01175730,0.00014975,0.00031962,0.00933580,0.00116838,0.00098466,0.00032756,0.00065182,-0.00000128,-0.00043383,0.00669808,0.00341643,0.00015269,-0.00018675,0.00791543,-0.00027269,-0.00057339,0.00003069,0.00049028,0.00010041,0.01488428,0.00700813,0.00026951,0.00145103,-0.00003215,-0.00000791,0.00482511,0.00226802,-0.00000850,0.00397315,0.00456995,0.00237929,0.00244442,0.00352760,0.00148718,-0.00013995,0.00511301,-0.00011026,0.00506316,-0.00006071,0.00216793,0.00146325,0.00169489,0.00038076,0.00687766,0.00235383,0.00017627,0.00680151,0.00091805,0.00194198,0.00047304,0.00194462,-0.00014189,0.00419464,0.01276463,0.00153456,0.00747004,0.00293613,-0.00043205,0.00075913,0.00206728,0.00023293,0.00746872,0.00475706,-0.00008730,0.01195008,0.00630027,-0.00013929,0.01227993,0.00188066,0.00279921,0.00330907,0.00715153,0.00018575,0.00260047,0.00218903,-0.00004801,0.00535194,0.00409098,0.00082554,0.00070703,-0.00013793,0.00058923,0.00822871,0.00643721,0.00172271,0.00517779,0.00217083,0.00023091,0.00301654,0.00049488,0.00000613,0.00424301,-0.00002373,0.00234490,0.00506781,0.00782724,0.00027438,0.00175026,0.00607070,0.00090184,0.00133694,0.00344966,0.00000410,0.00402886,0.00507841,-0.00003033,0.00710641,0.00035243,-0.00007019,0.00048017,-0.00016809,0.00197603,0.00139516,0.01426369,-0.00007817,-0.00099493,0.00993387,0.00019440,0.00093677,0.00028990,0.00002973,0.00011755,0.00004351,-0.00029001,0.00477867,0.00394015,0.00000017,0.00089879,0.00001728,0.00000092,0.00528518,0.00814848,-0.00018416,0.00018783,0.00017463,0.00042618,0.00495196,0.00820094,-0.00000407,0.00018432,0.00662705,0.00152014,0.00552281,0.00446406,0.00163899,0.00873922,-0.00024948,0.00081270,0.00321590,0.00482366,0.00243006,0.00364602,0.00735821,0.00001804,-0.00027393,0.01102395,0.00024918,0.00208761,0.00886485,-0.00014173,0.00151968,0.00261841,-0.00054082,0.00019864,0.00455867,0.00465274,0.00115609,0.00258398,0.00003530,0.00786716,-0.00037219,0.00063321,0.00921669,-0.00152626,0.00044586,-0.00036143,0.00195509,0.00048085,0.00073690,0.01475841,0.00000102,0.01343239,0.00405605,0.00309090,0.00163619,0.00012725,0.00035596,0.00588768,0.00292313,-0.00020774,0.00822893,0.00545679,-0.00000462,0.00726464,0.00168213,-0.00009474,0.01225313,0.00405619,-0.00011678,0.00275227,0.00148608,0.00189387,0.00274292,0.00785921,-0.00019710,-0.00029670,0.00215024,-0.00007873,0.00877497,-0.00008088,0.00097948,0.00080337,-0.00064248,-0.00029434,0.00649980,0.00482414,0.00384746,0.00331887,0.00708386,-0.00001844,0.00928499,0.00411646,0.00444911,0.00355813,-0.00014783,0.00181600,0.01367118,0.00126530,0.00199375,0.00614388,0.00436490,0.00078829,-0.00112196,0.00789274,0.00113569,0.01123050,0.00130473,0.00077590,0.01010697,0.00014731,0.00195377,0.00489032,0.00120864,-0.00007719,0.00447261,0.00800669,-0.00028212,0.00934538,0.00383964,0.00099282,0.00253354,0.00099745,0.00040064,0.00365904,0.00560845,-0.00016199,0.00553766,0.00057138,0.00045220,0.00684159,0.00143688,0.00172100,0.00232397,0.00311418,0.00097174,0.00433565,0.00271159,-0.00020972,0.00431487,0.00118688,0.00167898,0.00333402,0.00413685,0.00122450,0.00470619,-0.00009728,0.00036682,0.00034616,-0.00000415,0.00061645,0.00613956,0.00457902,0.00273732,0.00672783,0.00226627,0.00119198,0.00339233,0.00426487,-0.00061816,0.00563032,0.00325608,0.00133301,0.00128782,0.00176364,0.00135993,-0.00026072,0.01339562,0.00122041,0.00538363,-0.00009689,0.00145038,0.00576500,0.00022311,0.00027874,0.00760147,0.00695634,0.00194094,0.00230455,0.00880427,0.00052390,0.00849646,0.00055637,0.00177735,0.00756945,0.00748212,0.00129279,0.00523871,0.00207422,0.00095249,0.00009427,0.00059578,0.00012509,0.00751989,-0.00002752,0.00038889,0.01246683,0.00602077,0.00081102,0.00253828,0.00399456,-0.00041007,0.00095982,-0.00000186,0.00204643,0.00943422,0.00443094,0.00124569,0.00284297,0.00196220,0.00084419,0.00304740,0.00566164,0.00083490,0.00943772,-0.00017848,0.00332513,0.00549478,0.00029387,0.00052114,0.00270161,0.00737604,0.00439782,-0.00045216,0.00353771,0.00136020,0.00357231,-0.00046715,-0.00007898,0.01040857,0.00063207,0.00352300,0.00528742,0.00533777,0.00072002,0.00108063,0.00221518,0.00282186,0.01145538,0.00159305,0.00094421,0.00096198,0.00077211,0.00035209,0.00038066,0.00818841,-0.00017624,0.00807445,0.00089869,0.00023088,0.01009891,-0.00014137,-0.00042354,0.00787351,0.00058731,-0.00002758,0.00931958,-0.00034188,-0.00018222,0.00500630,0.01029922,0.00007614,0.00319318,-0.00054418,0.00244169,0.00729479,0.00064270,-0.00008548,0.00259933,0.00079624,0.00171944,0.00474866,0.00022416,-0.00002310,0.01218053,0.00065076,0.00332737,-0.00049974,0.00255630,0.00109490,0.00553512,0.00010776,-0.00028311,0.00625356,0.00550453,0.00192722,-0.00023706,0.00084926,0.00083994,-0.00038594,0.00487181,0.00009777,0.00142130,0.00730577,-0.00008835,0.00502938,0.00336539,0.00105728,-0.00014545,0.00625807,0.00364736,0.00591802,0.00066861,0.00053843,0.00357979,0.00033938,0.00023046,0.00633159,0.00661308,-0.00009038,0.00284626,0.00111868,0.00210723,0.00429888,0.00181932,0.00355420,0.00069331,-0.00058115,-0.00009477,0.01076365,0.00288813,0.00004101,0.00704657,0.01116208,-0.00007577,0.00583067,0.00229836,-0.00016504,0.00484037,0.00145825,0.00097037,0.00748033,0.00215814,0.00324074,0.00860240,0.00449392,0.00165861,0.00373699,0.00352872,-0.00002747,0.00367418,0.00597703,0.00024000,0.00311500,-0.00024113,0.00179336,0.00659854,0.02867140,0.00081632,0.01170019,0.00092358,0.00012369,0.00784853,-0.00100042,0.00062894,0.00188563,0.00014784,-0.00010841,0.00129853,0.00678043,-0.00008526,0.00496532,0.00148620,0.00123366,0.00530926,0.00063994,0.00537910,0.00338909,0.00398726,0.00001590,0.00350069,0.00032278,0.00014296,-0.00038620,-0.00003189,-0.00031859,0.01047079,0.00291618,-0.00007079,0.00218604,0.01212367,-0.00001714,0.00624920,-0.00060039,0.00035719,0.00187347,-0.00007454,0.00009365,0.00290049,0.00204666,-0.00016760,0.00841794,0.00185121,0.00169843,0.00764935,0.00104708,0.00132255,0.00850577,0.01212705,0.00001318,0.00582694,0.00282991,0.00134018,0.00299933,0.00047597,-0.00003732,0.00513490,0.01818907,0.00011586,0.00517284,0.00899181,0.00238246,0.00549895,0.00690006,0.00024900,0.00286817,0.00602512,-0.00011993,-0.00019334,0.00115562,0.00002925,0.00198693,0.00021162,0.00212546,0.00398774,0.00414504,0.00250902,0.00024335,0.00180861,0.00582822,-0.00033576,0.01572357,0.00000058,0.01257184,0.00138594,-0.00009702,0.01047853,0.00164674,-0.00001426,0.01022737,0.00289039,0.00250712,0.00211284,-0.00036682,0.00033493,0.00026001,0.01596138,0.00139196,0.00083565,0.00119059,-0.00017955,0.00372947,0.00216596,0.00558271,0.00006029,-0.00160545,0.00142863,0.00623162,0.01156105,0.00030654,0.00347462,0.00872024,0.00024690,0.00021445,0.00170895,-0.00016402,0.00770723,0.01123337,0.00200831,0.00131979,0.00540507,0.00121820,0.00534694,0.00323703,-0.00004928,0.00777982,0.00490122,0.00056358,0.00251235,0.00835324,0.00142014,0.00541671,0.00313781,-0.00013334,0.00067067,0.00059239,-0.00015873,0.00121783,0.00205978,0.00015510,0.01514703,0.00068918,0.00057945,0.00761007,0.00691093,0.00044810,0.00209486,0.00689026,0.00039478,0.00749830,0.00219879,0.00304617,0.00175466,0.00132021,0.00270646,0.00122408,0.00608352,0.00102563,0.00115041,0.00680420,0.00215652,0.00112958,0.00393645,0.00022181,0.00233747,0.00476574,0.00012669,0.00746789,0.00160734,0.00019659,0.00263042,0.00477014,0.00371381,-0.00082324,0.01593143,-0.00015281,-0.00079462,0.01040956,-0.00037887,0.01202001,0.00450277,0.00020371,0.01264564,0.00627342,0.00320870,0.00513675,0.00482138,0.00077864,0.00070026,0.00750178,0.00037168,0.00073780,0.00829096,0.00179252,0.00269898,-0.00022042,0.00096652,0.00032376,0.00332928,0.00152447,0.00350529,0.00718919,0.00004616,0.00567924,0.00429167,-0.00007591,0.00265403,0.01556031,0.00120513,0.00152763,0.00109622,0.00210495,-0.00003888,0.00202327,0.00111541,0.00350932,0.00245936,0.00012736,-0.00033968,0.00672661,0.00093034,-0.00007410,0.00567807,0.00000000,0.01019176,0.01284075,0.00209476,-0.00033902,0.00671187,-0.00001491,0.01252370,0.00951454,0.00000124,0.00924384,0.00108620,0.00120254,0.00473611,0.00796632,0.00357090,-0.00024643,0.00049171,0.00071947,0.01489828,0.00621069,-0.00014558,0.00249747,-0.00013977,-0.00009164,0.00615655,-0.00027988,0.00276936,0.00433418,0.01562724,0.00268564,0.00547630,-0.00047688,-0.00002035,0.00599007,0.00725806,0.00157361,0.00416801,0.00139003,0.00226796,-0.00059589,0.00647008,0.00705567,0.00448613,0.00091693,-0.00047221,0.00071487,0.00496503,0.00201544,0.00649726,-0.00003346,-0.00009052,0.01067157,-0.00002008,0.00153736,0.01188405,0.00164880,0.00139421,-0.00023201,0.00300605,0.00008817,0.00703879,0.00541703,-0.00009030,0.00141600,0.00206825,0.00000306,0.01410467,0.00394129,0.00076587,0.00163335,0.00937865,0.00000000,0.00110798,0.00735342,0.00243864,0.00498337,0.00495599,-0.00001790,0.00788074,0.00484978,-0.00015545,0.00339725,0.00161031,0.00474987,0.00100862,-0.00038505,-0.00033471,0.00384585,-0.00002176,0.00048851,0.00739180,0.00855785,-0.00019468,0.00416836,0.00041365,-0.00010289,0.00249167,0.00057520,0.00113144,0.00145111,0.00227101,-0.00018531,0.01531604,0.00094456,-0.00003547,0.01069545,0.00326548,0.00117410,0.00320784,0.00159673,0.00039044,-0.00014434,0.00559902,-0.00018180,0.00053573,0.00817570,0.00234190,0.00038883,-0.00023644,-0.00002145,0.00861347,0.00777441,-0.00028691,0.00551217,0.01003125,0.00018195,0.00283962,0.00301910,-0.00002042,0.00015659,0.00386051,0.00589171,0.00317595,0.00285152,-0.00017115,0.00007622,0.00569763,0.00116772,0.00181942,0.00678935,0.00194972,0.00232823,-0.00015301,-0.00022296,0.00749941,-0.00010614,-0.00039999,0.00214234,0.00447698,0.00450183,0.00223546,-0.00005760,-0.00002489,0.00173018,0.00348803,-0.00001113,0.00217392,0.00028309,0.00036711,0.00875842,0.00214630,-0.00019903,0.00207734,0.00077006,0.00008228,0.00012005,0.00028175,0.00055897,0.01062699,0.00195651,-0.00030580,0.00507796,-0.00020467,-0.00016390,0.00217528,0.00009084,0.00020358,0.01240163,0.00568386,-0.00006805,0.01704480,0.00750716,-0.00000066,0.00366026,0.00930087,-0.00001156,0.00206912,0.00340653,-0.00001596,0.00107282,0.00221744,0.00000228,0.00880922,0.00436638,0.00024252,0.00061123,0.00695364,0.00193681,0.00499699,0.00851931,0.00046146,0.00056849,-0.00014548,0.00004864,-0.00004572,0.00123275,0.00083788,-0.00000895,0.00040026,0.00110963,0.00571453,0.00247250,0.00102364,0.00717130,0.00636220,0.00571324,-0.00057496,0.00173685,0.00120300,0.00225797,0.00334950,0.00046766,0.00198327,0.00115710,0.00079811,0.00189930,0.00009117,-0.00093213,0.00016563,-0.00020287,0.00041762,0.00454461,0.00288613,0.00142886,0.00046475,0.00295766,0.00554915,0.00635564,-0.00131345,-0.00028225,0.01138275,0.01075849,-0.00061765,-0.00036162,-0.00047474,0.00338083,0.00021176,0.00006647,0.00329720,0.00333341,0.01114268,0.00692346,0.00953463,0.01306044,0.00021958,0.00159345,0.00494469,0.00062534,0.00247290,0.00645840,0.00063495,0.00403891,0.00278641,0.00181587,-0.00042762,0.00690773,-0.00000603,0.00152533,0.00038737,-0.00008931,0.00376950,-0.00003856,0.00146344,0.00172456,0.00008156,0.00019862,0.00511717,0.00682203,0.00010889,0.00354599,0.00142154,0.00116248,0.00393888,0.00576452,-0.00042926,0.00032525,0.00025689,0.00058647,0.00091679,0.00040746,0.00029398,-0.00117591,0.00291985,0.00012317,0.00489198,0.01298298,-0.00001537,0.00064824,0.00626832,0.00002638,0.00093406,0.00616936,0.00150653,-0.00014533,0.01011796,0.00001120,0.00616831,-0.00026170,0.00004548,-0.00038334,0.00005038,0.00027824,0.00851681,0.00090529,0.00379803,0.00207016,0.00089346,0.00434469,0.00329315,0.00190512,-0.00009804,0.01884656,0.00086251,0.00046616,0.00000884,0.00035059,-0.00000183,0.00432862,0.00015249,0.00178102,0.00420705,0.00832254,-0.00002467,0.00651119,0.00025579,0.00133681,0.00025137,0.00937601,0.00097383,0.00450373,0.00042004,0.00234845,0.00556115,0.00111692,0.00172500,0.00548253,-0.00033803,0.00032314,0.00762693,0.00424548,-0.00009082,0.00251430,0.00015204,0.00020867,0.00342780,0.00125524,0.00083479,0.00075902,0.00478444,0.00084928,0.00167913,0.01041431,-0.00008043,0.00318770,0.00367302,0.00064044,0.00466555,0.00006720,-0.00022286,0.01198239,0.00025048,-0.00018888,-0.00003574,-0.00001396,0.00000373,0.01040930,0.00900108,0.00000000,0.00931288,0.01058117,0.00000000,0.01005439,0.00366666,0.00346356,-0.00045350,0.00036904,0.00233498,0.00290502,0.00115288,-0.00012730,0.01086651,0.01532598,0.00481879,0.00297575,0.00368224,0.00095508,0.00178588,0.00057076,0.00054868,-0.00017443,-0.00021419,-0.00001822,0.00673684,0.00000769,0.00015831,0.00374262,0.00437818,0.00053766,0.00831342,-0.00020423,0.00081483,0.00315627,0.01775885,0.00057131,0.00151481,0.00024170,0.00281028,0.00147032,0.00164002,0.00410223,0.00018342,0.00859324,0.00153370,0.00487017,-0.00029201,0.00000532,0.00477879,-0.00043119,0.00163223,0.00145043,0.01031136,0.00053944,0.00118842,0.00116174,0.00316016,0.00114706,0.00447960,0.00538118,0.00284630,0.00015059,-0.00021829,-0.00029723,0.00463756,0.00076045,0.00080927,0.00109509,0.00015307,0.00043103,0.01066455,0.00000837,0.00260690,0.00004809,0.00004356,0.00593778,0.00593556,0.00253087,0.00065776,0.00013672,-0.00002324,0.00476148,0.00757466,-0.00018005,-0.00011284,0.00528839,0.00043125,0.00204373,-0.00034336,-0.00007971,0.00621472,0.00014638,0.00603236,0.01018912,-0.00029290,0.00194941,0.00782683,0.00336008,0.00206260,0.00051741,0.00470782,0.00125032,-0.00055075,0.00039363,0.00115956,0.00741264,0.00033548,-0.00003143,0.01189758,0.00093808,0.00021352,0.01476261,0.01580102,0.00001584,0.00659495,0.00035093,0.00015572,0.00072068,0.00105558,0.00037176,0.00414376,0.00254422,0.00219720,0.00387547,0.00313071,0.00012786,0.00091352,-0.00067416,-0.00017434,0.00742421,-0.00208211,-0.00003819,0.00537872,0.00317851,0.00330074,0.00899631,-0.00046029,0.00159166,0.00071076,0.00086871,-0.00019208,0.00228148,-0.00020925,0.00274283,-0.00005150,0.00536677,0.00000917,0.00161794,-0.00057224,0.00208723,0.00198419,0.00088185,0.00143039,0.00133200,0.00047182,0.00015644,0.00005514,0.00192637,-0.00007750,0.00327465,0.00356138,0.00030022,0.00046398,0.00004711,-0.00008202,0.00487803,0.00066322,-0.00007580,0.00237841,0.00012308,0.00142397,0.00478786,0.00291537,0.00015412,0.00307199,0.00050221,-0.00004789,0.00243145,0.00342206,0.00093313,0.00146067,-0.00006861,0.00005630,0.00313710,-0.00025583,-0.00004643,-0.00055707,0.00041726,-0.00021020,0.00267357,0.00033645,0.00107649,0.00436013,0.00831796,0.00004437,0.00055073,0.00301978,0.00118449,0.00105718,0.00150379,0.00027801,0.00974261,0.00109273,0.00029770,0.00439456,0.00203872,0.00000543,0.00063784,0.00936793,0.00000000,0.00665195,0.00411381,-0.00010569,0.00556319,-0.00019431,0.00089250,0.00676634,0.01666713,0.00000000,0.00450035,0.00571316,0.00186773,0.00075866,0.00230677,-0.00013493,0.01073247,-0.00040343,-0.00006712,0.00585505,0.00042417,0.00124158,0.01205803,0.00497855,0.00014464,-0.00026353,0.00030107,0.00454968,0.00717245,-0.00032462,0.00153302,0.00194660,-0.00133781,0.00035344,0.00909868,0.00313977,0.00180569,0.00238804,0.00518785,0.00128065,0.00118657,0.01262257,-0.00001806,0.02183963,0.00751792,-0.00026005,0.00635766,0.00476736,0.00351898,0.00600123,0.00005196,0.00378970,0.00276490,-0.00023256,-0.00006405,0.00174169,0.00398159,0.00177352,0.00925823,0.00028404,-0.00002687,0.00331983,0.00020524,0.00036084,0.00302625,-0.00040524,0.00031390,0.00001511,0.00000177,0.00255658,0.00660863,0.00757621,0.00392256,0.00046448,0.00298843,-0.00069599,0.00198246,0.00198022,0.00317432,0.00644907,-0.00004557,0.00091923,0.01049445,0.00135023,-0.00023970,0.01661623,-0.00018303,0.00238108,0.00660575,0.00134364,0.00553446,0.00248331,0.00038648,0.00107152,0.00103605,0.00042023,0.00037180,0.00626704,-0.00011529,0.00059961,0.00592924,0.00586975,0.00018327,-0.00031632,0.00438553,0.00317147,0.00098790,0.00085087,0.00051202,0.00663392,-0.00013630,0.00254118,0.00089605,0.00019687,-0.00008402,0.01164001,0.00470498,0.00275503,-0.00060692,0.00016796,0.00000000,0.01253550,0.00199388,0.00168097,0.01036693,0.00854341,0.00007370,0.00314819,0.00301833,0.00135896,0.00353463,0.00031815,-0.00003840,0.00724884,-0.00106012,0.00016938,0.00790642,0.00087564,0.00038325,0.00216905,0.00078117,0.00024063,0.00185860,0.00263135,0.00315135,0.00040617,0.00442099,0.00295687,0.00685117,0.00171414,0.00475142,0.00730147,0.00045680,0.00007059,-0.00066166,0.00026579,0.00007636,0.01159025,0.00113805,0.00012280,0.00048910,0.00711323,-0.00020214,0.00253835,0.00242871,-0.00001277,0.00846279,0.00055037,0.00017625,0.00493028,0.00873649,0.00055316,0.00542088,0.00274495,0.00229278,0.00182991,0.00212806,0.00135072,0.00346220,0.00091648,0.00049025,0.00088316,-0.00070937,0.00390984,0.00273322,0.00206669,0.00017880,0.00251458,0.00055173,0.00131467,0.00011694,0.00194007,0.00237491,0.00533737,0.00404812,0.00152177,0.00132729,0.00929375,0.00088089,0.00006346,-0.00042602,0.00061547,0.00516113,0.00068415,0.00108648,0.00079002,0.00178855,0.00009402,0.00074176,0.00020637,0.00071865,0.00201724,0.00664954,0.00193184,0.00071631,0.00362489,0.00001341,0.00631777,0.00423219,0.00497845,0.00023466,0.00906928,0.00332115,0.00111156,0.00234751,-0.00003555,0.01038867,0.00000928,-0.00013454,0.01472120,-0.00046822,0.00244186,0.00396995,0.01244948,0.00046932,0.00108064,0.01523290,0.00061812,0.00342883,-0.00002521,0.00000000,0.03353481,-0.00017429,-0.00071697,0.01652501,0.01417736,0.00174427,0.00261095,0.00040123,0.00011109,0.00848106,0.00043590,0.00097096,0.00187853,0.00081852,0.00261427,0.01101602,0.00167646,0.00000204,0.01473675,-0.00015599,0.00020150,0.00334370,0.00121394,0.00136718,-0.00110382,0.00279412,0.00294035,0.00241571,0.00712183,0.00291492,0.00220450,0.00000439,-0.00053648,0.00004979,0.00438085,0.00119807,0.01002759,0.00134724,0.00006904,0.00005743,0.00490955,0.00026103,0.00545527,0.00530820,0.00094587,0.00816901,0.00593954,-0.00031198,0.00072166,0.00156813,0.00000134,0.01116706,0.00207124,0.00158763,0.00467650,-0.00040841,0.00132268,0.00276050,0.00334440,0.00061807,0.00000039,-0.00014362,0.00113610,0.00408700,0.00362287,0.00287000,0.00176367,-0.00012576,-0.00022460,0.00094397,0.00518376,-0.00004836,0.02085288,0.00278945,0.00159580,0.00458256,0.00513956,0.00493140,-0.00057392,0.00276550,0.00301327,-0.00002085,0.00103526,0.00298745,0.00351700,0.00220427,0.00079528,0.00457673,0.00051292,0.00325721,0.00597255,0.00371110,0.00238721,0.00684882,0.00046923,0.00225674,-0.00061642,0.00367306,0.00000115,0.00775343,0.00099558,0.00113452,0.00454488,-0.00021417,0.00122813,0.00871188,0.00265062,0.00063551,0.01332891,-0.00113026,0.00286600,0.00144942,0.00402366,-0.00015537,0.00142554,0.00142288,0.00018379,-0.00069608,0.00409363,0.00005553,0.00806277,0.01304415,0.00072486,0.00980715,0.00500986,0.00008324,0.00263251,0.00132534,0.00047483,0.00281588,0.00132267,0.00004819,0.00458724,0.00296302,0.00041161,0.00951623,0.00938704,0.00276820,0.00521608,0.00370084,-0.00001763,0.00361918,-0.00047062,0.00011204,0.01004444,-0.00017394,-0.00006335,0.00286946,-0.00008363,-0.00016023,0.00937220,0.00029053,0.00113773,0.00066813,0.00361459,-0.00008773,0.00627788,0.00576641,0.00440201,0.00671823,0.00069740,0.00065524,0.00806492,0.00050816,-0.00034794,0.00443419,0.00414581,0.00346096,-0.00054918,0.00442427,-0.00019995,0.00395873,0.00700282,0.00020324,0.00287524,0.00595564,-0.00001313,0.00097535,0.00100243,0.00133819,-0.00011088,-0.00015552,0.00106175,0.00758003,0.00062845,0.00070827,0.00164474,0.00100195,-0.00020517,0.00605134,0.00492299,0.00131082,0.00557365,-0.00027878,-0.00002504,0.00241592,0.00122585,0.00056301,-0.00041824,0.00687701,0.00434000,0.00296254,0.00244797,0.00011567,0.00220752,0.00598067,0.00100311,0.00301650,0.00360415,0.00044566,0.00141944,-0.00053665,-0.00004259,0.00493235,0.00283518,0.00318978,0.00085325,0.00342699,0.00017769,0.00125360,0.00156974,0.00222308,0.00027414,-0.00035125,-0.00003698,0.00134678,0.00127527,0.00307575,0.00434313,0.00997839,0.00128234,0.00041226,0.00842636,0.00305645,0.00584846,0.00165616,0.00343083,0.00115603,-0.00038657,0.00025559,0.00665544,0.00031440,-0.00020840,0.00741960,0.00680288,-0.00001236,0.00226835,0.00233368,0.00058484,0.00052046,0.00121158,0.00000553,0.00866133,-0.00022966,-0.00009595,0.00645008,-0.00036615,0.00319523,0.00429186,-0.00045722,-0.00025137,0.00381803,0.00352302,0.00164355,0.00139335,0.00480993,0.00233895,0.00831430,-0.00010073,0.00070509,-0.00011222,-0.00021225,0.00109421,0.00293132,0.00135062,0.00133464,0.00023705,0.00674580,0.00030349,0.00515754,0.00207549,-0.00005791,0.01400262,0.00116516,0.00227715,0.00058403,0.00724851,-0.00013156,0.00935491,-0.00006854,0.00169922,0.00219115,0.00044702,0.00022237,0.00189766,0.00589770,0.00193619,0.00632961,0.00042882,0.00012479,0.00504505,0.00262498,0.00104432,0.00262538,0.00080573,0.00074358,0.00405403,0.01075879,0.00005066,0.00359068,-0.00006689,0.00000551,0.01811693,-0.00021549,0.00056405,0.01188337,-0.00038982,0.00130173,-0.00006121,0.00050958,-0.00013265,-0.00022093,0.00159652,0.00323129,0.00212874,-0.00069447,0.00000284,0.00455706,0.00520629,0.00085511,0.00280497,0.00209368,0.00240894,0.00163584,-0.00003157,0.00103475,0.00331757,0.00543467,0.00135211,0.00903950,0.00736727,0.00006019,0.00523974,0.00569002,0.00111083,0.01023217,-0.00018622,0.00073539,0.00688750,-0.00030652,0.00126324,0.00481765,0.00284760,0.00055069,0.00845494,0.00614947,0.00005941,0.00399099,0.00267016,-0.00011982,-0.00001597,0.00161063,0.00021941,0.00224691,0.00910708,0.00001249,0.01574665,0.00403639,0.00100517,0.00530548,0.01073855,-0.00007896,0.00798320,0.00653295,0.00054714,0.00336565,0.00412812,0.00148361,0.00517034,0.00015394,0.00069079,0.00227637,-0.00032495,-0.00007235,0.01456351,0.00426035,0.00346997,0.00266913,0.00040300,0.00122713,0.00093089,0.00700882,-0.00000795,0.00893056,0.00607064,0.00528224,0.00688864,0.00239322,0.00247469,0.00494107,-0.00041797,0.00202822,0.00760183,0.00756653,-0.00010484,0.01303014,0.01038348,0.00015061,-0.00036544,0.00099302,0.00340558,0.00073498,0.00126424,0.00262522,0.00963762,0.00103094,-0.00035198,0.00955738,0.00322493,0.00180801,0.00133923,0.00740090,0.00384899,0.00359874,0.01400317,0.00203058,0.00419272,0.00664752,-0.00000553,0.00753885,0.00268362,0.00055282,0.00704879,0.00566992,0.00109389,0.00068030,0.00153981,0.00380810,0.00430937,0.00426493,0.00231416,0.00245425,0.01309957,0.00000051,0.01034489,0.00141604,0.00521075,0.00550032,0.00842580,-0.00001521,0.00867052,0.00724770,0.00664991,0.00269264,0.00152334,-0.00019427,0.00647646,0.00329355,-0.00004470,0.00633807,0.01211891,0.00185691,0.01164174,0.00022230,0.00404949,0.00951340,0.00312934,0.00005052,0.00718151,0.00433054,0.00528418,0.00030577,0.00060049,0.00017823,0.00571006,0.00220720,0.00100468,0.00607187,0.00132696,0.00007565,0.00191547,-0.00048971,-0.00022381,0.00598064,0.00501782,0.00297705,0.00652298,0.00088957,-0.00015537,0.01099712,0.00756255,-0.00014375,0.00301937,-0.00009159,0.00361610,0.00480816,0.00005039,0.00225529,0.00367202,0.00453718,0.00270599,0.00719797,0.00133435,0.00004136,0.01090489,0.00875687,0.00066969,0.00455905,0.00090896,0.00002015,0.00740041,0.00553148,0.00318397,0.00303829,0.00394884,-0.00012296,-0.00002310,0.00540435,0.00500092,0.00814078,0.00158740,0.00142518,0.00284197,0.00039418,0.00063624,-0.00065190,0.00063138,0.00262828,0.00235050,-0.00043385,0.00189400,0.00353975,0.01148254,0.00012046,0.00582613,0.00224805,0.00108479,0.00229676,0.00593700,0.00297981,0.00778865,0.00163329,-0.00018475,0.00513622,0.00201933,0.00236238,0.00288210,0.00007333,0.00244254,0.00938501,0.00649369,0.00026435,0.00489824,0.01794133,0.00034929,0.00629008,0.00925256,0.00147372,0.00027057,0.00519031,-0.00001912,0.00481524,0.01440531,0.00178477,0.00131529,0.00119824,0.00288979,0.00719982,0.00701440,0.00000306,0.00831219,-0.00073428,0.00014022,0.00814323,0.00631571,0.00367945,0.00509150,0.01430903,-0.00016207,0.00162032,0.00365741,0.00001438,0.00553876,0.00122022,0.00232686,0.00550414,0.00625182,0.00190718,0.00145977,-0.00034076,-0.00005971,0.00779914,0.00060305,0.00031257,0.00068726,0.00100312,0.00129449,0.00177548,0.00357560,-0.00031221,-0.00017939,0.00435016,-0.00024795,0.00211536,0.00527062,0.00195228,-0.00035515,0.00064276,0.00278902,0.00756617,0.00454869,-0.00029435,0.00080732,0.00257377,0.00613704,0.00652211,0.00089548,0.00291148,0.00742324,0.00720339,-0.00008692,0.00817008,0.00535664,0.00181300,0.00010957,0.00104165,0.00052640,0.00152226,0.00023602,0.00225643,0.00597548,0.00310974,0.00458790,0.00315866,0.00328288,0.00232566,0.00277395,-0.00116868,-0.00019260,0.01187672,0.00043949,0.00144210,-0.00006870,0.00575101,0.00500146,0.00409186,0.00158575,0.00419505,0.00213537,0.00905669,0.00263408,0.00737838,-0.00035117,0.00285133,0.00683766,0.00029062,0.00088670,0.00418862,-0.00017254,-0.00008743,0.01680368,0.00462870,0.00000917,0.01261279,0.00075609,-0.00003976,0.00485372,0.00059637,-0.00002639,0.00645055,-0.00064251,-0.00049936,0.00914254,0.00354738,-0.00021131,0.00547310,0.00291801,0.00064784,0.01135082,0.00499403,0.00119995,0.01458272,0.00266684,-0.00028589,0.00906746,-0.00009188,-0.00020049,0.01086609,0.00115611,0.00327224,0.00131073,-0.00004685,-0.00028761,0.00523382,0.00002167,0.00032967,0.00071266,0.00071686,0.00045225,0.00540264,-0.00042779,-0.00006948,0.00361613,0.00597542,0.00097113,0.00419698,0.00185262,-0.00003270,0.00450893,0.00166857,0.00118740,0.00258685,0.00463048,0.00025781,0.00490355,-0.00017835,0.00001031,0.01148061,0.00521601,0.00163210,0.00119968,0.00594841,0.00026496,0.00075894,0.00065101,0.00025229,0.00403480,0.00000000,0.00258587,-0.00074639,0.00335539,0.00200556,0.00157316,0.00045224,0.00252008,0.00726474,0.00401563,-0.00011651,0.01000102,0.00503515,0.00128952,0.00477878,0.00174887,0.00754149,0.00616816,0.00554704,0.00215755,0.00452584,0.00284725,0.00024622,0.00586300,0.00079297,0.00222904,0.01295863,0.00583009,0.00048749,0.00107200,-0.00114932,0.00004506,0.00635196,0.00111540,0.00023293,0.00534172,-0.00021056,-0.00009323,0.02303130,0.00059238,0.00067351,0.00548388,0.00497863,-0.00053937,0.00125688,0.01033049,0.00028219,0.00042947,-0.00020606,0.00128070,0.00116555,0.00112730,-0.00045334,0.01116069,0.00481095,0.00083620,0.00772247,-0.00006359,0.00052753,0.00873287,-0.00004690,-0.00002265,0.01288050,0.00046573,0.00077205,0.00386065,0.00523672,0.00213718,0.00662554,0.00464060,0.00005673,0.00909962,0.00374780,0.00195317,0.00046141,-0.00036929,0.00003303,0.02003827,-0.00018738,0.00195568,0.00270041,0.00400119,0.00057935,0.00226714,0.01142679,0.00121300,-0.00019712,0.00124480,0.00205270,0.00335977,0.00769376,0.00234282,0.00862119,0.00023610,-0.00000394,0.00539686,0.00592468,0.00604603,0.00276597,0.00948108,0.00104926,0.00021757,0.00225280,0.00063298,0.00454879,0.00478307,-0.00017789,0.00597714,0.00545142,0.00276481,0.00551630,0.00073185,-0.00006638,0.01042642,0.01238221,-0.00012082,0.00255241,0.00225261,-0.00029726,0.00507389,0.00282790,-0.00006240,0.01019226,0.00002357,-0.00038099,0.01349464,0.00090215,0.00017749,0.01079331,0.00008678,-0.00006874,0.00609908,0.00229535,-0.00000365,-0.00012592,0.00333288,-0.00003300,0.01078270,0.00731583,-0.00006991,0.00561904,0.00002747,0.00273506,0.00486521,0.00525675,0.00748043,0.00646418,-0.00090381,-0.00085294,0.01070251,0.00926523,0.00070028,0.00150533,0.00004289,0.00077985,0.00837364,0.00790202,0.00224777,0.00256632,0.00183154,-0.00019588,-0.00127166,0.00442331,0.00205642,0.00455848,0.00082888,0.00041569,0.00276602,0.00663464,-0.00037775,0.00549719,0.00100197,-0.00006358,0.00031687,0.00367776,0.00320962,-0.00031270,0.00003325,-0.00005437,0.00955772,-0.00041224,-0.00000802,0.01306437,-0.00094513,0.00011313,0.01173590,0.00003536,0.00067780,0.01281754,0.00171407,-0.00002416,0.00753115,0.00078285,0.00033121,0.00659474,0.00000539,-0.00002129,0.01547864,0.00204944,-0.00021495,0.00017463,0.00580248,0.00013634,0.00462004,0.00393650,0.00297185,0.00201740,0.00299888,-0.00039771,0.00011122,0.00094379,0.00475029,0.00072662,0.00899123,-0.00003726,0.00378222,0.00024942,-0.00003592,0.00070198,-0.00014104,0.00062920,-0.00046269,0.00039381,0.00320801,0.00368813,0.00766014,-0.00008081,0.01228684,0.00162220,0.00040173,0.00123064,0.00607218,-0.00000637,0.00424077,0.00145177,0.00125068,0.00153753,0.00022549,0.00089419,0.00204957,-0.00010263,0.00039772,0.00713179,0.00635517,-0.00010010,-0.00014645,0.00455143,0.00202808,0.00244417,0.00084107,-0.00068102,0.00271329,0.00463079,0.00000000,0.00765244,0.01130696,-0.00005892,0.00618613,0.00964142,0.00013945,0.00585289,0.00349859,0.00014200,0.00374691,0.00116259,0.00307801,0.00391649,0.00071365,-0.00003610,0.00134854,0.00198504,0.00046463,0.00012875,0.00094626,0.00236758,0.01207220,0.00122402,0.00010710,0.00655526,0.00409270,-0.00032535,0.00114924,0.00208152,-0.00008701,0.00130693,0.00089703,-0.00048801,0.00213811,-0.00033828,-0.00002480,0.01845725,0.00671627,0.00146037,0.01722501,0.00782370,0.00273937,0.01150991,0.01085050,0.00167010,0.00706628,0.00380285,0.00342638,0.00278972,0.00250087,0.00215096,-0.00015181,0.00346459,0.00131728,0.01222865,-0.00004396,-0.00022994,0.01224315,0.00170140,-0.00000849,0.00487112,0.00142498,0.00301452,0.00380137,-0.00007482,0.00001778,0.00278306,0.00062337,0.00000102,0.00642172,0.00225788,-0.00005040,0.00194826,0.00148418,0.00123281,0.00880245,0.00145191,0.00112566,0.00688190,0.00340213,0.00452954,0.00890528,0.00082478,0.00066582,0.00713986,0.00281043,0.00257147,0.01402193,0.00641266,0.00432462,0.00453162,0.01606484,0.00345371,0.01267956,0.00216967,0.00172015,0.00612850,0.00083468,0.00210384,0.02006362,0.00247498,0.00009001,0.01420420,0.00151974,0.00233416,0.00293941,0.00667374,0.00074890,0.00369460,-0.00037603,0.00081310,0.00142924,0.00142436,0.00060080,0.00111662,-0.00019048,0.00062704,0.00379717,0.00051590,0.00139659,0.00798421,0.00569849,0.00050197,0.00175972,-0.00035239,0.00059730,0.00440516,0.00018372,0.00119115,0.00447908,0.00006015,-0.00005784,0.00623110,0.00067482,0.00023894,0.00001383,0.00061837,-0.00021336,0.00317188,-0.00046853,-0.00056226,0.00042730,0.00929773,0.00000000,0.01051596,0.00580047,0.00101383,0.00583004,0.00890158,0.00000793,0.00325716,-0.00070443,-0.00029494,0.00845104,0.00028990,0.00129477,0.00422572,-0.00016774,-0.00008449,0.00841752,-0.00090566,0.00081707,0.00176169,-0.00166737,-0.00017541,0.00007614,0.00596949,-0.00031670,0.00618618,0.00319331,-0.00011134,0.00499463,0.00067620,0.00029398,0.00026329,0.00088769,-0.00003713,0.00574759,0.00166828,0.00046662,0.00133343,-0.00031961,0.00155273,0.00391686,0.00782328,0.00000000,0.00278188,0.00167974,0.00433945,0.00774543,0.00540797,0.00148100,0.00232055,0.00538396,-0.00014335,0.00752276,0.00022693,0.00383418,0.00094721,-0.00011294,0.00060767,0.00428981,0.00018446,0.00078670,0.00529063,0.00270728,0.00126872,-0.00029624,-0.00060537,0.00001225,0.00221424,0.00244779,0.00138998,0.00243596,0.00393191,0.00002700,0.00667850,-0.00000652,0.00022998,0.00012694,0.00110263,0.00265520,0.00605854,0.00100439,0.00266562,0.00511524,0.00154218,0.00269941,0.00264714,-0.00078678,0.00000300,0.00439301,0.00025382,0.00155515,-0.00074958,0.00079051,-0.00017042,0.00325678,-0.00026137,-0.00002531,0.00448214,0.00004381,-0.00000352,0.00721219,0.00053535,0.00562333,0.00647606,0.00140271,-0.00035047,0.00551538,0.00458559,0.00462444,0.00050891,0.00165640,0.00038046,0.00146376,0.00730857,0.00208950,0.00097192,0.00413428,0.00086705,0.00647164,0.00076408,-0.00023086,0.00141322,-0.00017643,0.00341108,0.00949080,0.00040773,0.00016418,0.00068021,0.00809396,0.00198993,0.00441534,0.00940028,0.00019021,0.00098589,0.00465228,0.00710846,0.00196969,0.00740321,0.00222220,0.00699094,0.00371984,0.00258934,0.00311441,0.00545471,-0.00031564,0.01033127,0.00906367,0.00068386,0.00711441,0.00354996,0.00049475,0.00067076,-0.00014046,-0.00014079,0.00862980,0.00612251,0.00110482,0.00247927,0.00654328,-0.00011994,-0.00030144,0.00661397,0.00342798,0.00073978,0.00820135,0.00069494,0.00519516,-0.00064139,0.00108272,0.00026764,0.00017716,0.00082017,-0.00042542,0.00037252,0.00066256,0.00233457,0.01311969,0.00010407,0.00243682,0.00463555,0.00248100,0.00546768,0.00151501,-0.00048540,0.00781612,0.00105618,0.00037138,0.00658339,-0.00010762,0.00063397,0.00371742,-0.00024110,0.00080194,0.00529345,-0.00001062,0.00117542,0.00717626,0.00106949,-0.00000849,0.01062592,0.01993984,0.00205095,0.00014069,0.00585922,-0.00010468,0.01319948,0.00381422,0.00041474,-0.00116715,0.01003535,0.00188731,0.00890616,-0.00011340,0.00059540,0.01219437,0.00071210,0.00116536,-0.00080578,-0.00031198,-0.00003107,0.01633969,0.00026149,0.00307507,0.00059375,0.00150266,0.00494749,0.00256627,0.00699367,-0.00009368,0.00389672,0.00272761,0.00001896,0.00065854,0.01052277,-0.00062249,0.00438569,0.00553668,0.00376569,0.00126485,0.00176833,0.00107084,0.00473972,0.00300504,0.00243617,0.00007647,-0.00025386,-0.00019955,0.00841565,0.00737006,0.00255456,0.00447877,0.00009872,0.00355413,0.00052900,0.01228184,0.00031723,0.00008191,-0.00007449,0.00203949,0.00536925,0.00622455,0.00151269,0.00507018,-0.00003084,0.00299586,0.00693916,0.00944432,0.00039722,0.00824247,-0.00074711,0.00069567,0.01442355,0.00308975,0.00346225,0.00314936,0.00346969,-0.00025384,-0.00063623,0.00922628,0.00219639,0.00646155,0.00014745,0.00346275,0.00152167,0.00671662,0.00376694,0.00273057,-0.00021975,0.00078894,0.00537305,0.00077995,0.00401947,0.00538961,0.00323559,0.00339624,-0.00020829,0.00981837,-0.00002310,0.00727431,0.00643853,0.00202796,-0.00058117,0.00623409,-0.00022406,0.00580712,0.01100122,0.00268076,0.01355537,0.00318111,0.00210190,-0.00005836,0.00689488,0.00223705,0.01200298,0.00010233,0.00049106,0.00632735,0.00939303,0.00006910,0.01086614,0.00315115,-0.00015135,0.00658154,0.00144066,0.00120000,0.00072076,0.00864362,0.00034091,0.00682773,0.00312007,0.00133524,0.00168185,0.00645800,-0.00029029,0.00850424,0.00785731,0.00132633,0.01296510,0.00037058,0.00006020,0.00347975,0.01422436,-0.00048513,-0.00070308,-0.00083820,0.00339751,0.00378998,0.00679968,0.00015858,0.00802658,0.01228403,0.00244939,0.00029150,0.00522458,0.00021675,0.00058321,-0.00054241,0.00006634,0.00588690,0.00268219,0.00169456,0.00148998,0.00393543,0.00125825,0.00093193,-0.00014454,0.00097646,0.00765735,0.00374964,0.00679225,0.00318251,0.00577185,0.00284113,0.00094356,0.00561175,-0.00006384,0.00432406,0.00809325,0.00062436,0.00841975,0.00138651,0.00006725,0.00531611,0.00129112,-0.00002821,0.01695743,0.00225550,0.00030546,0.00331507,0.00896212,0.00192502,0.00815601,0.00027234,0.00029199,0.00057719,0.01221631,0.00177282,-0.00009648,0.00117063,0.00208889,0.00315352,0.00771177,-0.00005877,0.01659265,0.00163286,0.00001069,0.00462723,-0.00021449,0.00384123,0.00047739,0.00135343,0.00203451,0.00508234,0.00585884,0.00185841,0.00364591,0.00343208,0.00383303,0.00002214,-0.00068979,-0.00000140,0.07488854,-0.00039701,0.00000656,0.00846282,0.00170410,0.00047994,0.00600122,0.00561040,0.00110730,0.00595624,0.00937104,0.00196283,0.00192916,0.00242366,0.00281923,0.00815020,0.00017080,0.00184017,-0.00047007,0.00186478,0.00074364,0.00546018,0.00589964,0.00112793,-0.00090204,-0.00060600,0.00050978,-0.00028084,0.01091231,0.00147691,0.00331243,0.00332652,0.00070964,0.00669604,0.00306131,-0.00005896,0.00051584,0.00021797,0.00095838,0.00030903,0.00050995,-0.00002817,0.00831181,-0.00017287,-0.00017594,0.01859744,-0.00005300,-0.00027989,0.00225713,0.00571754,0.00289289,0.00686863,0.00143039,0.00022810,0.01012257,0.00572697,0.00083523,0.00055372,0.00483491,-0.00021889,0.01578255,0.00043641,0.00007070,0.00781006,0.01067043,0.00494575,0.00830953,0.00159004,0.00024968,0.00038589,0.00609552,0.00431307,-0.00013957,0.00300025,0.00002546,0.00601131,0.00090838,0.00045984,0.00338928,-0.00109107,0.00309517,0.02457222,0.00197652,0.00063630,0.00077934,0.00844773,0.00210709,0.00069787,-0.00007415,0.00261426,0.00305756,0.00222582,0.00255616,0.00568935,0.00065599,0.00234255,0.00166439,0.00994309,-0.00013116,0.00508309,-0.00071629,0.00192166,-0.00014882,0.00763443,0.00144464,0.00465833,0.00173975,0.00168036,0.00737870,0.00454445,-0.00034202,0.00365206,0.00171968,0.00619351,0.00536611,0.00108320,0.00003821,0.00836566,0.00371681,0.00650257,-0.00005030,0.00431160,0.00116026,0.00300814,0.00002755,0.00059470,0.01502713,0.00651800,0.00103807,0.00656270,0.00244782,-0.00002222,0.01667967,0.00921468,0.00613072,0.00084446,0.00329455,0.00112959,0.00001906,0.00372988,0.00074343,0.00361643,0.01226477,0.00413434,-0.00045356,0.00212236,-0.00023788,0.00685175,0.00151164,0.00294077,0.00475293,0.00168916,0.00062723,0.00889600,0.00126428,0.00033682,0.02620484,0.00694473,0.00247863,-0.00037935,0.00308347,-0.00032473,0.00573058,0.00617178,0.00560512,0.00753542,0.00770974,0.00380020,0.00971009,0.00367950,-0.00017960,0.01529291,0.00047035,0.00133565,0.00230280,0.00154889,0.00216958,0.00053789,0.00055282,0.00035617,0.01652293,0.00662743,0.00173072,0.00870972,0.00078907,-0.00006427,0.00307647,0.00409122,0.00264258,0.00171058,-0.00008898,0.00025748,-0.00024459,0.00316183,0.00462250,0.00515943,0.00243577,-0.00001182,0.00563029,0.00444427,0.00315282,0.00096064,0.00323578,-0.00004583,0.00439126,0.00037198,0.00581414,0.00189425,0.00043183,0.00251361,0.01051603,-0.00062695,-0.00044312,0.00915063,0.00367115,-0.00006260,0.00711472,0.00256657,0.00002371,0.01142404,0.00124992,0.00335906,0.00242048,0.00168354,0.00690574,0.00533185,0.00309496,0.00371869,0.00332416,0.01298607,0.00033199,0.00668247,0.00672101,0.00083271,0.00451040,0.00785963,0.00022143,0.00070620,0.00425063,0.00003286,0.00237463,-0.00039359,0.00200044,0.00049815,0.00422774,0.00049380,0.00929029,-0.00002069,0.00101397,-0.00009522,-0.00020476,0.00180839,0.00264967,0.00319957,0.00347119,0.00456198,0.00811990,0.00008103,0.00148590,-0.00027201,0.00366998,0.00517304,0.00827130,0.00062279,0.00496703,0.01138513,0.00000068,0.01015919,0.00840457,-0.00005286,0.00566451,0.01016607,-0.00017739,-0.00036364,0.00162110,-0.00007311,0.00615362,0.00357720,0.00093431,0.00135527,0.00483827,0.00029600,0.00788760,0.00767695,0.00135837,0.00193841,-0.00014977,0.00050072,0.00058982,-0.00001296,0.00098278,0.00097078,0.00111371,0.00263639,0.00079111,0.00024016,0.00300903,0.00410209,0.00240999,0.00022438,0.00553230,-0.00167170,0.00017055,0.00266206,0.00040198,0.00413694,0.00495078,0.01285193,0.00096532,0.00353200,0.00571888,0.00274501,0.00483121,0.00764239,0.00201786,0.00020544,0.00913703,0.00159943,0.00682857,0.00238989,0.00542179,0.00310918,0.00341416,0.00241665,-0.00021166,0.00602038,0.00033717,0.00075421,0.00731783,-0.00014984,0.00502447,0.00471547,0.00164086,0.00158594,-0.00062848,0.00158313,-0.00019679,0.00014236,0.00018495,-0.00064368,0.00943379,-0.00010058,0.01036107,0.01274270,-0.00026693,0.00003799,0.00498191,-0.00005710,0.00034040,-0.00021909,0.00582798,-0.00116894,-0.00017257,0.00040993,0.00321261,0.00095788,0.00229538,0.00751825,-0.00006395,-0.00003052,0.00361940,-0.00038428,0.00113748,0.01132794,0.00105206,-0.00030418,0.00465275,0.00571061,0.00102625,0.01044813,0.00038416,0.00122828,0.00724876,-0.00008611,-0.00006638,0.01363888,0.00051440,0.00111045,0.00565927,-0.00031831,0.00225992,0.00081175,0.00084875,0.00115026,0.00198853,0.01494897,-0.00028591,0.00187043,0.00561266,-0.00005936,0.00966853,-0.00009146,0.00192587,0.00603859,0.00186000,0.00088535,0.00120647,0.00110831,0.00066492,0.00723054,0.00077263,-0.00009242,0.00401545,0.00433036,0.00253491,0.00286630,0.00453566,0.00111110,0.00059906,0.00183171,0.00055812,-0.00036124,0.00936443,0.00300835,0.00739267,0.01577673,0.00037662,0.00406616,0.00218318,-0.00010925,0.00895511,0.00110102,-0.00012164,0.00577209,0.00784313,0.00018739,0.00605851,0.01047052,0.00094139,0.00179203,0.00012174,-0.00022000,0.01707842,0.00191151,0.00089806,0.00096884,0.00114952,0.00042016,0.00081132,0.00310495,0.00079313,0.00716417,0.00393738,0.00178803,0.00124575,-0.00001731,0.00144928,0.00842352,0.01802026,0.00053906,0.00073701,0.00139744,0.00028943,0.00192335,0.00188787,0.00200692,0.00242635,0.00757089,0.00025623,0.00111752,-0.00024842,0.00230801,0.00307563,0.00206668,0.00087169,0.00042280,0.00802821,0.00213433,0.00417268,0.00275441,0.00138528,0.00522654,0.00124062,0.00200372,0.00461440,0.00105173,0.00220421,0.00600704,0.00041627,0.00000089,0.00851179,0.01189938,0.00065659,0.00432956,0.00390359,0.00016409,0.00252435,0.00030365,0.00057160,-0.00026442,0.00441409,0.00029903,0.00008308,-0.00031731,0.00062523,0.00041831,0.00398013,0.00134425,0.00342458,0.00625575,0.00000000,0.00564979,0.00149295,-0.00019102,0.00608602,0.00057394,0.00055045,-0.00000338,0.00467123,0.00044630,0.00462041,0.00009661,0.00007357,0.00011271,0.00821105,0.00001881,0.00951369,0.00242798,0.00073083,0.00586208,0.00324451,-0.00000740,0.00489329,0.00136822,0.00017057,0.00665669,0.00573508,0.00098815,0.00150209,0.00210898,0.00077790,-0.00049553,0.00274234,0.00115670,0.02184483,-0.00101936,-0.00013241,0.00069877,0.00296465,0.00110990,0.00216556,0.00090279,0.00065057,0.00538191,0.00561900,-0.00003284,0.00781191,-0.00029553,0.00278899,0.00539434,0.00657573,0.00075877,0.00105315,0.00346997,-0.00015842,0.01387951,-0.00141161,0.00535986,0.00917609,0.00170099,0.00278933,0.00101419,0.00563302,0.00127647,0.00207249,0.00515121,0.00000947,0.00138528,0.00348574,0.00071335,0.00828739,0.00061710,0.00320120,0.00487087,0.00269746,0.00014065,0.00093940,0.00105203,-0.00002284,0.00027266,0.00089679,-0.00007033,0.00090176,0.00534943,0.00092351,0.00756261,0.00387487,0.00209262,-0.00103052,0.00186995,0.00260934,-0.00018506,-0.00049652,0.00041015,0.00077878,-0.00043650,0.00095104,0.00154202,0.00527701,0.00015320,0.00271889,0.00575796,0.00007272,0.00250999,0.00009621,0.00008119,0.00690090,0.00078309,0.00526975,-0.00066672,0.00706087,0.00026886,0.01221362,0.00438184,0.00517912,0.00207521,-0.00000669,0.00161203,0.00530196,0.00772500,0.00095782,0.00431103,0.00447526,-0.00009109,0.00750708,0.00117906,0.00120251,0.00530013,0.00100528,-0.00015040,0.00459689,0.00759574,0.00212496,0.00713931,0.00513286,-0.00005554,-0.00060418,0.00057177,0.00200156,-0.00048510,0.00204511,0.00616059,-0.00005410,0.00064617,0.00290581,0.00031156,0.00199573,0.00163191,0.00876734,-0.00004657,0.00021539,0.00342089,0.00041671,0.00012390,0.00840240,0.00382627,-0.00026984,0.00453642,-0.00007467,-0.00009684,0.00883522,0.00138731,-0.00014501,0.00631428,0.00702804,0.00586177,0.00520900,0.01099208,0.00000340,0.01158451,0.00687549,0.00099070,-0.00101209,0.00137559,-0.00019621,0.00162771,-0.00009523,0.00063374,-0.00027408,0.00466851,0.00021483,0.00164285,0.00681397,0.00043281,0.00456270,-0.00019754,-0.00028765,0.01167988,0.00354017,0.00162912,0.00287136,0.01422208,0.00361338,-0.00011339,0.00550875,0.00197824,0.00983142,0.00157789,0.00044440,-0.00018719,0.00202971,0.00097055,0.00118661,0.00001673,0.00164199,0.00168311,0.00526918,0.00235008,-0.00075847,0.00783963,0.00069346,0.00312256,0.00751824,-0.00006484,0.00080471,0.00379663,0.00207724,0.00616713,0.00289536,0.00212366,0.00131684,0.00270870,-0.00025285,0.01507082,0.00758819,0.00328919,0.00344194,0.00652308,0.00063653,0.00405716,0.00511131,0.00060351,0.00485349,0.00674528,0.00008904,0.00019361,-0.00004784,0.00228761,-0.00040113,0.00323064,0.00706379,0.00311248,0.01099437,-0.00024707,0.00087091,0.00266750,0.00326700,0.00328354,0.00275260,0.00173254,0.00136599,0.00576154,0.00019586,0.00638974,0.00005502,0.00002010,0.00212068,0.00349944,0.00045210,0.00032494,0.00035306,0.00097224,0.00227260,0.00542271,0.00112480,0.00155292,0.00637569,0.00741841,0.01170830,0.00691160,-0.00002632,0.00912961,0.00642368,-0.00015918,0.01209378,0.00702443,0.00057265,0.00148324,0.00294957,0.00042553,0.00422476,0.00158047,0.00178864,0.00285161,0.00012095,0.00106688,0.00095153,0.00002725,0.00312517,-0.00002201,0.00450694,-0.00024591,0.00080741,0.00370296,-0.00008981,0.00470372,0.00103762,-0.00004287,0.00323705,0.00245149,0.00021087,0.00881485,0.00269291,0.00138116,0.00353900,0.00758480,0.00383409,-0.00052750,0.00127329,0.00228730,0.00117976,0.00076282,0.00076458,0.00846748,0.00008472,0.00072451,0.00760386,0.00553404,0.00077774,-0.00060374,0.00452118,-0.00018217,0.00045983,0.00195617,0.00167729,0.00047076,0.00092695,0.00057579,0.00485938,0.00080862,0.00026563,0.00046764,0.01224186,0.00000000,0.01178132,0.00274809,0.00066521,0.00553247,0.00105742,0.00495282,-0.00042056,0.00336658,0.00314496,0.00042800,0.00610688,0.00035961,0.00281909,0.00580098,0.00214771,0.00176628,0.00516508,-0.00070351,0.00393284,0.00037728,0.00111205,0.00376328,0.00228818,0.00094225,0.00429251,0.00369118,0.00411913,0.00040666,0.00319629,0.00075481,0.00056085,0.01285111,0.00037652,-0.00000196,0.00389082,0.00331918,0.00090064,0.00426503,0.00042669,0.00414881,0.00004295,-0.00003220,-0.00097391,0.00177552,0.00071627,0.00433815,0.00336899,-0.00025002,0.00784739,0.00087859,-0.00000289,0.01056628,0.00350933,0.00078929,0.00645397,0.00085812,0.00053934,0.00054737,0.00081511,-0.00017413,0.00115942,0.00220526,-0.00020675,0.00076492,0.00212128,0.00081265,0.00606515,0.00211823,-0.00002331,0.00369847,-0.00058732,0.00005821,0.00258328,-0.00004505,0.00300938,0.00024109,-0.00042125,0.00011043,0.00006761,0.00403764,-0.00033485,0.01373747,0.01920427,0.00036688,0.00157342,0.00466825,0.00005307,0.00017508,-0.00032099,0.00119759,0.00067823,0.00141375,0.00177653,0.00037542,0.00165085,0.00311396,0.00017013,0.01615280,-0.00010526,0.01058384,0.00319587,0.00497330,0.00473106,0.00584170,0.00138992,-0.00035949,0.00019760,0.00176970,0.00637174,0.00524206,0.00052830,0.01036324,0.00157326,0.00132189,0.00744064,0.00561589,0.00023674,0.00561826,-0.00087558,0.00010680,0.00395981,0.00318187,-0.00066439,0.00898577,0.00358881,0.00178085,0.00586311,0.00067304,-0.00041675,0.01145571,0.00474990,0.00333638,0.00300981,0.00029048,0.00064487,0.00362149,-0.00123470,-0.00041017,0.00522380,0.00920751,-0.00001193,0.00927466,-0.00027269,0.00585133,0.00557779,-0.00001070,0.00010079,0.00650848,0.00554248,-0.00061594,0.00402481,0.00165778,0.00000832,0.00866888,-0.00162421,0.00017639,0.01270952,0.01548087,-0.00003534,0.00762338,0.00018689,0.00039035,0.00198180,0.00079571,0.00348358,0.00778344,0.00228827,-0.00008991,0.01052158,-0.00079470,0.00024508,0.00347777,0.00560797,0.00020655,0.00529918,0.00482719,0.00195892,0.00507646,0.00241724,0.00472821,0.00192163,0.00150469,0.00071348,0.00545370,0.00441034,0.00317740,0.00261929,0.00533413,0.00291399,0.00140092,0.00318709,0.00304371,0.00191641,0.00149733,0.00174514,0.01076264,0.00341823,0.00604658,0.00160733,0.00891552,-0.00041165,0.00567662,0.00016183,0.00080673,0.00129360,0.00423125,-0.00012023,0.00476693,0.00726220,0.00070224,0.00362849,0.00327734,0.00164823,0.00001713,-0.00014028,0.00207427,0.01125747,0.00512722,0.00264278,0.00019041,0.00352335,-0.00008907,0.01314831,0.00432989,-0.00041970,0.00763246,0.00909022,-0.00000712,0.00582315,0.00942584,0.00016740,0.00797375,0.00048092,-0.00006220,0.00401370,0.00164242,-0.00000088,0.01047153,0.00431833,-0.00048709,0.00951511,0.00046083,0.00148037,0.00327692,0.00087320,0.00233604,0.00466652,0.00674597,0.00118756,0.00518768,0.00070036,0.00008185,0.00512599,0.00675683,-0.00005590,0.00709112,0.01284358,0.00124412,0.00076458,0.00170805,0.00298721,0.00345694,0.00937964,0.00022000,0.01019678,0.00167747,0.00154078,0.00766025,0.00411918,0.00410996,0.00693714,0.00141804,0.00000153,0.01914667,-0.00084025,-0.00036184,-0.00058265,0.00451944,-0.00006954,0.01172723,0.00150293,0.00575684,0.00058936,0.00173505,0.00024557,0.01174041,-0.00024069,0.00235354,0.00555008,0.00022173,-0.00013729,0.00651339,0.01111906,0.00151730,0.00109038,0.00048195,0.00001274,0.00564400,0.00216661,0.00191026,0.01608480,0.00497688,0.00051430,0.00505252,0.00683979,0.00055444,0.00722950,0.00262512,0.00178997,0.00161493,0.00085182,0.00215753,0.00478424,-0.00057027,0.00144883,0.00419714,-0.00011811,0.00203848,0.01170000,0.00328944,0.00033215,0.01305954,0.00929646,0.00263212,0.00604377,0.00036352,0.00085212,0.00345515,0.00411135,0.00128332,0.01513688,0.00286307,0.00022586,0.00473549,0.00035279,0.00036239,0.00190775,-0.00016561,0.00054917,0.00668745,0.00166484,0.00220786,0.01485503,0.00071188,0.00010212,0.01189631,0.00419941,-0.00050955,0.00347362,0.01195074,0.00226370,0.00580788,0.00502037,0.00071814,0.00499316,0.00706812,0.00378730,0.00568313,0.00836253,0.00214501,0.00301732,0.00013201,0.00052073,0.00785622,0.00165202,0.00074426,0.00832268,0.00179354,0.00213369,0.00123249,0.00682557,0.00101349,0.00579246,0.00430280,0.00084641,0.00116544,0.00271759,-0.00044173,0.00415157,0.00988344,0.00295421,0.00469373,0.00683770,0.00005727,0.00760049,0.00128375,0.00365352,-0.00027242,0.00103056,0.00230663,0.00281360,0.00187539,-0.00003561,0.01700894,0.00160161,-0.00002645,0.00900676,0.00743841,0.00158185,0.00047287,0.00437925,0.00207784,-0.00015181,0.00131254,-0.00009581,0.00478583,0.00345986,0.00003737,0.01119155,0.00147632,0.00424139,0.00314850,0.00493962,0.00170529,0.00353258,-0.00028878,-0.00025285,0.00259909,0.00068391,0.00078266,0.00347792,0.00485015,0.00143696,0.00437887,0.00334318,0.00032058,0.00442292,0.00399250,0.00374195,0.00706804,0.01301244,0.00033065,0.00672761,0.00730938,-0.00032867,0.00214231,0.00628545,0.00099949,0.00175829,0.01511104,-0.00000428,0.01136552,0.00269674,0.00010033,-0.00022090,0.00398222,0.00208738,0.00292348,-0.00042030,-0.00016094,0.00933504,0.00008181,0.00292391,0.00848238,-0.00034982,-0.00042336,0.00428551,-0.00043526,0.00008086,0.00338649,0.00058431,0.00116518,0.00723413,0.00178797,0.00003942,0.00413501,0.00529181,0.00015147,0.00091020,0.00047343,0.00003529,0.00310801,-0.00019454,-0.00029444,-0.00012001,0.00723371,0.00491974,0.01014995,-0.00131174,-0.00021816,0.00147815,0.00782821,-0.00012023,0.00869711,0.00170796,0.00707408,0.00878706,0.00457897,0.00331223,0.00112393,-0.00013018,0.00043197,0.00775975,0.00439530,0.00190623,0.00236846,0.00714970,0.00500593,0.00127976,0.00988700,0.00085643,0.00055032,0.00601797,0.00200423,0.00217043,0.00305055,-0.00008636,0.00320805,0.00484727,-0.00025602,0.00867460,0.00457969,0.00060803,0.00158350,-0.00009549,0.00391744,0.00041124,0.01039919,-0.00023120,0.00201881,0.00202509,0.00282992,0.00052852,-0.00009520,0.00050739,0.01239591,0.01003400,0.00268346,0.00300151,0.01040713,0.00437501,0.00566484,0.00118268,0.00053897,0.00540661,0.00677206,0.00138188,0.00803721,0.00228362,0.00053710,0.00855790,0.00281504,0.00322168,-0.00062669,0.00051734,0.00023302,0.00601963,0.00555090,0.00507451,0.00266924,0.00042374,0.00006894,0.00467331,-0.00000448,0.00088216,0.01036870,-0.00018171,-0.00053069,0.01161762,0.00387461,-0.00011755,0.00197083,0.00043454,-0.00037783,0.01015010,0.00469934,0.00052188,0.00099059,0.00655110,0.00000498,0.01159316,0.00610997,0.00051200,0.00399068,0.00286452,0.00173782,0.00728808,0.00366963,0.00063132,-0.00022812,0.00436513,0.00271750,0.01080414,0.00348077,0.00091492,0.00293436,-0.00011970,0.00709039,0.00096666,-0.00012694,0.00006029,0.00180287,0.00356153,0.00005410,0.00320291,0.00088859,0.00308118,0.00358263,0.00083728,0.00045622,0.00366063,0.00795900,0.00059553,0.00213957,0.00391243,0.00007146,0.00800660,0.00342869,0.00139426,0.00278565,-0.00035920,0.00121787,0.01001000,-0.00007519,0.01030901,0.01070521,-0.00042088,0.00374961,0.00113401,0.00368712,0.00022740,0.00997449,-0.00011161,-0.00033986,0.01268249,0.00740892,-0.00012342,0.00000514,-0.00032421,0.00210538,0.00075964,0.00791720,0.00130552,0.00254669,0.01212169,0.00292651,0.00101780,0.00957593,-0.00036549,0.00074689,0.00412858,0.00377908,0.00622712,0.00543206,0.00211098,0.00000020,0.00103766,0.00179147,-0.00013892,0.00280104,-0.00016261,0.00664441,0.00867276,0.00210364,-0.00080642,0.00048734,0.00008844,-0.00155977,0.00852842,0.00606935,0.01525067,0.00098116,0.00047707,0.00535412,0.00357155,0.00351637,-0.00115823,0.00506251,0.00098138,-0.00043858,-0.00006897,0.00276060,0.00349271,0.00719011,0.00131055,0.00448337,0.00075102,0.00210087,0.00052244,0.00061919,0.00353464,0.01018237,0.00050028,-0.00066512,0.01064393,0.00755427,-0.00007516,0.00046379,0.00158662,0.00038302,0.00017208,0.01816967,0.00370149,-0.00002394,0.00098260,0.00107664,0.01073629,-0.00016919,0.00006603,0.00922928,0.00798266,-0.00003620,0.01504352,-0.00023575,-0.00003433,0.01018555,0.00069991,0.00518269,0.00193402,0.00848143,0.00125031,0.00052526,0.00390578,0.00440095,0.01678801,-0.00020428,0.00005327,0.01115381,0.00740628,0.00124434,0.00892535,0.00998762,0.00216464,0.00058417,0.00401167,0.00062068,0.00127736,0.01178653,0.00223854,-0.00104666,-0.00021864,0.00356079,0.00636870,0.00593540,0.00120461,0.00842573,0.00163908,-0.00002007,0.01787105,0.00867489,0.00210229,0.01543592,0.01253706,-0.00020380,0.00491727,0.00313519,0.00092989,-0.00026796,0.00050332,0.00085266,0.01249400,0.00446023,0.00380041,0.01134293,0.01908762,0.00026391,0.00466748,0.00422406,-0.00004764,0.01082414,-0.00005794,0.00001081,0.00181906,0.00455636,0.00183649,0.00261183,0.00189260,0.00187036,0.00507637,0.00113784,0.00145113,0.00024589,0.00102525,0.00164041,0.00047096,0.00017603,-0.00007864,0.01572656,0.00875394,-0.00005466,0.00151140,0.00034683,0.00149994,0.00501240,0.01013783,0.00186212,0.01058193,-0.00022344,0.00166220,0.00097252,0.00414770,0.00682532,0.00140152,0.00380924,0.00053957,0.00959329,0.00216445,0.00057308,0.01651133,0.00357180,0.00222449,0.00294023,0.00112125,0.00058197,0.00328586,0.00216059,0.00042889,0.00161958,0.00386982,0.00010125,0.01240114,0.00014079,0.00198118,0.01045377,0.00008720,-0.00016259,0.00810591,0.00281321,0.00178371,0.00479385,0.00264859,-0.00005814,0.01034498,0.01193530,0.00289579,0.00586415,0.00163901,-0.00047634,0.00460101,0.01039791,0.00028568,0.00080023,0.01071331,0.00401697,0.00188176,0.00318448,0.00078309,0.01053495,-0.00044185,-0.00005162,0.01023729,0.00237319,-0.00004526,0.01327617,0.00568876,0.00009177,0.00578384,0.00423231,0.00037158,-0.00026978,0.00004994,-0.00060598,0.00603281,0.00079726,-0.00001034,0.00201343,0.00463922,0.00000000,0.00751857,0.00131663,0.00006368,0.00176670,0.00153436,0.00075274,0.00722283,0.01142432,0.00617673,0.00637510,0.00899895,0.00581608,0.00391609,0.00432288,0.00475491,0.00887204,-0.00000367,0.00179703,0.00788473,0.00210740,0.00092494,0.00635602,0.00155836,-0.00031781,0.00872200,0.00023387,0.00340095,0.00549759,0.00087057,0.00232263,0.00724126,0.00791376,0.00022615,0.00714417,0.00135207,0.00306578,0.00237960,0.00780564,0.00045868,-0.00000939,0.00913133,0.00163533,0.00232420,0.00379035,0.00293686,0.00560614,-0.00098422,0.00055766,0.00639791,0.00602916,-0.00041658,0.00451215,0.00275517,-0.00041634,0.00340726,0.01089240,0.00097803,0.00453411,0.00183115,0.00017496,0.00219209,-0.00010315,0.00268392,0.00186630,-0.00020938,-0.00068562,0.00890630,0.00005984,0.00017634,0.00461574,0.00059806,0.00002121,0.00096061,0.00087759,-0.00009126,0.00467487,0.00031989,-0.00023778,0.01061723,-0.00052654,0.00290348,0.00094498,0.00687882,-0.00011778,0.00450636,0.00352256,0.00152391,0.00051582,0.00124109,-0.00009199,0.00399221,-0.00067491,0.00031031,0.00927050,0.00192823,0.00273109,0.00011110,0.00392413,0.00462686,0.00538834,-0.00034964,0.00184101,0.00041907,0.00108931,0.00269393,0.01081296,-0.00023424,0.00257899,0.00138921,0.00078909,0.00073867,0.00091923,0.01418706,0.00297547,0.00475729,0.01043632,-0.00004719,0.00030892,0.00101516,-0.00013958,0.01145024,0.00155034,0.00157155,0.00779234,0.00936158,0.00037786,0.00248886,0.00612548,-0.00013249,0.00407030,0.00327823,0.00088292,0.00027569,-0.00036214,0.00215536,0.00859608,0.01471050,0.00195176,0.00026464,0.00060592,0.00206237,0.00650741,0.00015819,0.00517107,0.00294381,0.00579576,0.00029816,0.00134268,0.00083113,0.00036423,0.00838013,0.00018550,0.00180365,0.01038973,0.00258439,0.00005335,0.00256783,0.00313490,0.00045568,0.00652563,0.00018189,0.00305455,0.00886818,-0.00021110,-0.00023316,0.00037874,0.00093076,0.00021799,0.00348740,0.00255014,0.00243891,0.00581609,0.00599038,0.00300275,0.00206305,-0.00009721,-0.00002906,0.00576402,0.00408731,0.00068725,0.00857963,0.00694466,-0.00002977,0.01090340,0.00167885,0.00308506,0.00066767,0.00545306,0.00004312,0.00086905,0.01044416,-0.00010091,0.00757693,0.00392853,-0.00006702,0.00840190,0.01160863,-0.00030474,0.00599731,0.00085166,0.00032199,0.00239353,0.00641288,0.00000000,0.00708882,0.00397697,0.00345036,0.00167385,-0.00035014,0.00116256,0.00766889,0.00099127,-0.00012241,0.00564121,0.00419109,0.00032284,0.00005088,0.00789041,0.00553033,0.00387848,-0.00004634,0.00026457,0.00374564,0.00071419,0.00313581,0.01417160,-0.00022497,0.00113013,0.00653430,0.00334266,0.00070074,0.00606073,-0.00031294,0.00119015,0.00402303,0.00244464,0.00208890,0.00458257,0.00576115,0.00062573,0.00584168,0.00126089,0.00017692,0.00950156,-0.00035218,0.00039417,0.00840701,0.00048657,-0.00003935,0.00118335,0.00239016,-0.00013063,0.00725268,0.00226956,0.00139967,0.00571918,0.00076374,-0.00040783,0.00107660,0.00033641,0.00055712,0.00165666,0.01348258,-0.00000511,0.01971687,0.00604573,-0.00009951,0.00959606,0.00033607,0.00329834,0.00508352,0.00316389,-0.00043034,0.00553699,0.00020610,0.00021367,-0.00036335,0.00363103,0.00314527,0.01183579,-0.00046530,0.00320385,0.00595753,0.00096409,0.00003767,0.00052703,0.00917782,-0.00021889,0.00752468,0.00363795,0.00035413,0.00315215,0.02249235,-0.00015792,0.00074026,-0.00017251,-0.00027251,0.00449411,0.00100195,0.00201135,-0.00032877,0.00735638,-0.00010163,0.01171855,0.00104249,0.00046992,0.00935011,-0.00060727,0.00160169,-0.00015972,-0.00025634,-0.00012716,0.00379716,-0.00025247,0.00011945,0.01061219,0.00218251,-0.00005034,0.00436798,0.00402669,-0.00001166,0.00255336,-0.00014682,0.00162579,0.00776165,0.00057811,-0.00009541,0.00478046,0.00794438,0.00202495,0.00472014,0.00514027,0.00228170,0.00427276,0.00329700,0.00051322,-0.00013519,0.00986480,0.00004848,0.00713422,0.00375856,0.00000023,0.00917957,0.02136845,0.00043878,0.00462199,0.00108984,0.00153327,-0.00024865,0.01489844,0.00557747,0.00556441,0.00904806,0.00014040,0.00451792,0.01033022,0.00045984,0.01061565,0.00448080,0.00248984,0.00814467,0.00246842,-0.00003091,0.00866155,0.00045616,-0.00054218,0.00943449,0.00770158,0.00260385,0.00594033,0.00446749,-0.00022196,0.01096491,0.00416674,0.00401937,0.01593688,0.01147262,0.00387473,0.00288240,0.00224112,-0.00017196,0.00411003,0.00270446,0.00003801,0.00075237,0.01108280,-0.00005188,0.01387518,0.00043192,0.00508495,0.00478728,0.00314642,0.00077138,0.00923552,-0.00045860,-0.00017162,0.01527401,0.00226830,0.00637402,-0.00051931,0.00627763,-0.00005372,0.01245152,0.00488116,-0.00010750,0.00736337,0.00533781,0.00142090,0.00099349,0.00031884,0.00066382,0.00001372,0.00092807,-0.00030273,0.00426699,0.00655880,0.00159335,0.00198796,0.00757891,0.00119334,0.00625986,0.00527425,0.00259987,0.00855223,0.00254826,0.00407076,0.00465334,0.00485814,0.00286189,0.00296768,0.00443950,0.00068756,0.00571180,0.00389798,0.00031116,-0.00077528,-0.00060858,0.00288629,0.00010040,0.00218890,0.00059099,0.00904968,0.00098925,0.00239930,0.00284721,0.00716164,0.00049514,0.00092581,0.00169781,0.00140592,0.00050515,-0.00003087,0.00140137,0.00665156,-0.00018953,0.00047637,0.02190488,0.01197340,-0.00022109,0.00011987,0.00401170,-0.00011921,0.01178984,0.00054797,0.00097448,0.00202652,0.00275868,0.00005290,0.00104829,0.00289035,0.00223657,0.00071452,0.00227654,0.00414147,0.00776934,0.00569270,0.00107010,0.00387841,0.00298106,0.00002010,0.01596369,0.00564947,-0.00020736,-0.00148645,0.01547370,-0.00044605,-0.00011762,0.00937326,0.00412084,0.00841981,0.00045052,0.00012747,0.01139809,0.00413398,0.00182221,0.00304184,0.00173612,-0.00000812,0.00819608,0.00058227,0.00349968,0.00354910,0.00338835,0.00418529,0.00074200,0.00624648,0.00122831,0.00361278,0.00144433,0.00101835,0.00061767,0.00330784,-0.00037778,0.00130378,0.00255829,0.00053834,0.00522934,0.00036124,-0.00049806,0.00911817,0.00303495,0.00006289,0.00189445,0.00388531,0.00115364,0.00213931,0.00879258,0.00005155,0.00987537,0.00293951,0.00144085,-0.00009965,0.01113511,0.00243490,0.00485528,0.00003343,0.00086382,0.00908696,-0.00024593,-0.00010510,0.01079905,0.00163692,0.00051165,0.00905451,-0.00003643,0.00031766,0.00191943,0.00088259,0.00128552,0.00273186,0.00377188,-0.00000809,0.01478931,0.00722564,-0.00015738,0.01267761,-0.00021499,0.00019096,0.00204329,0.00491859,0.00000008,0.00222049,0.00973153,-0.00011480,0.00367862,0.00621818,0.00462596,0.00215534,0.01276378,-0.00011480,0.01205587,0.00588335,0.00604670,0.00203323,0.00009964,0.00155800,0.00114073,0.00960950,0.00094307,0.00299827,0.00385523,-0.00000213,0.01453393,0.00287473,-0.00050060,0.00830243,-0.00042113,-0.00052952,0.00092725,0.00519501,0.00004835,0.01068788,0.00686078,0.00092262,0.00942675,0.00482103,-0.00009538,-0.00044536,0.00922796,0.00061093,0.00064769,-0.00025557,0.00210753,0.00377829,0.00423418,0.00167551,0.00310985,0.01020084,-0.00031434,0.00715464,0.00319654,0.00196671,0.00914971,-0.00007150,0.00026986,0.00051802,0.00090714,0.00123640,0.00296192,0.00127992,-0.00012744,0.00303099,0.00640265,0.00242031,0.00823584,0.00006979,0.00139569,0.00131157,0.00140477,0.00062134,0.00499858,0.00259935,0.00029320,0.00748683,0.00142581,0.00023091,0.00156036,0.00744273,0.00033514,-0.00033561,0.00409499,0.00221259,0.00816974,0.00143482,0.00097049,0.00877951,0.00407948,0.00032015,0.00195382,0.00090623,0.00125206,0.00030444,0.00762116,0.00110789,0.00737711,0.00454941,0.00272978,0.00231800,0.00021200,0.00051149,0.00128774,0.00261023,0.00441049,0.00776817,0.01041272,0.00041900,0.00096883,0.00788334,0.00284680,0.00327861,0.00363315,0.00113266,0.00079092,0.00334932,-0.00012447,0.00789692,-0.00011034,0.00210775,-0.00037854,0.00282967,0.00337827,0.00239741,0.00684564,0.00346035,0.00624421,-0.00026136,0.00007615,0.00228668,0.00602341,0.00212032,0.00406223,0.00652543,0.00027733,0.00065624,0.00165869,-0.00027726,0.00072920,0.00202770,0.00008367,0.00000593,0.00755129,0.00176279,0.00385683,0.00085865,0.00075722,0.00264045,0.00262634,0.00346901,0.00309394,0.00669777,0.00170756,0.00215169,0.00803627,-0.00005640,0.00004224,-0.00063472,-0.00026495,0.01204295,-0.00003733,0.00004545,0.01263305,0.00895514,-0.00000732,-0.00020756,0.00341328,-0.00000505,0.00684834,0.00138052,-0.00020482,0.00525876,0.00229749,0.00000859,0.00306855,0.00038398,0.00033352,0.00015729,0.00551396,0.00191667,0.00518736,0.00002144,-0.00031313,0.00335441,0.00509573,0.00014246,0.00500717,0.00067879,0.00278497,-0.00007777,0.00195969,0.00217423,0.00109623,0.00259517,0.00079928,0.01193103,0.00322321,0.00017735,0.00185921,0.00950719,-0.00001799,0.00438932,0.00567135,0.00002526,0.00890509,0.00054468,0.00056039,0.00089424,0.01328225,0.00163269,-0.00082249,0.00099117,0.00033766,0.01217065,0.00197406,-0.00004509,0.01251762,-0.00030441,0.00110413,0.00749950,0.00629922,0.00169790,0.01209041,0.00958288,0.00695497,0.00998577,0.00625413,0.00118094,0.01030754,0.00037868,0.00366554,0.00668345,0.01257365,0.00061614,0.00823085,0.00639270,0.00282030,-0.00084557,0.00020636,0.00064123,0.00860638,0.00478899,0.00114933,0.00002946,0.00101374,0.00000816,0.01342103,0.00046734,0.00188193,0.00185255,0.00121823,0.00375637,0.00315408,0.00480507,0.00076160,0.00168992,0.00453870,-0.00006070,0.00178772,0.01132259,0.00066830,0.00163212,0.00292075,0.00142794,0.00445666,0.00225014,0.00160044,0.00532472,0.00117851,-0.00000170,0.00380440,0.00537115,0.00162420,0.00439971,0.00557310,0.00342959,0.01006411,0.00265603,-0.00001516,0.00327652,0.00409993,0.00000606,0.00499690,0.00091081,0.00066903,0.00813056,0.00273995,0.00327177,0.00217025,0.00094920,0.00239158,0.00313479,-0.00015006,-0.00026346,0.01607761,0.01147459,0.00047220,0.00496049,0.00421170,0.00035220,0.01042837,0.00001339,-0.00003581,0.02836466,0.00183372,0.00000068,0.00870431,0.00491813,-0.00019828,0.00188380,0.00636766,0.00128655,0.00653638,0.00026764,-0.00022203,0.00183420,0.00375895,0.00003642,0.00184400,0.00067193,-0.00002803,0.00291089,0.00658935,-0.00003597,0.00782403,-0.00028851,0.00068002,0.00735352,0.00123919,-0.00004663,0.00422680,0.00048699,0.00054123,0.00192549,0.00071459,0.00072072,-0.00029753,0.00033473,0.00055968,0.00702957,0.00207827,0.00431542,0.00137469,0.00396056,0.00026040,0.00097332,0.00947255,0.00289958,0.00302550,0.00885897,0.00703595,0.00484894,0.00089577,0.00189531,0.00083838,0.00836747,0.00156829,0.00412139,0.00939512,0.00023530,0.00443565,0.00534241,0.00170145,0.00478655,0.00113651,0.00051316,0.00281833,0.00714935,0.00271319,0.00563977,0.00046175,0.00245704,0.00540462,0.00783979,0.00346084,0.00667741,-0.00009871,0.00048940,0.00508213,0.00055175,0.00143357,0.00775528,0.00009061,0.00133155,0.00683400,0.00989333,0.00353894,0.00279334,-0.00018039,0.00154189,0.00496205,0.00112354,0.00178983,0.00324906,-0.00096672,0.00001018,0.01309596,0.01552157,0.00221330,0.00283135,0.00856716,0.00018862,0.00133006,0.00399679,0.00223136,0.00133648,0.00994260,-0.00008517,0.00413420,0.01514024,0.00138396,0.00194578,0.00023412,0.00073389,0.01160859,0.00296385,0.00142384,0.00556420,0.00063345,0.00002494,0.00096706,0.00077096,0.00678966,0.00132459,0.00908211,0.00024676,0.00183622,0.00509950,0.00009028,0.00249136,0.00101567,0.00047193,0.00312042,0.00055114,0.00124471,0.01153032,0.00209442,0.00064866,0.00689812,0.00088377,0.00133665,0.01694714,0.00071353,0.00709030,0.00681148,0.00383697,0.00413450,0.00951755,0.00952909,0.00128967,0.00440246,0.01458675,0.00005447,0.00838966,0.00147095,0.00066545,0.00847162,-0.00016178,0.00116915,0.01451859,0.00402919,0.00219277,0.00126498,-0.00092414,0.00209529,0.00436930,0.00096235,0.00130439,0.00014148,0.00565703,0.00035410,0.00630817,0.00117558,0.00344238,0.00437971,-0.00051996,-0.00034898,0.01598965,0.00829517,0.00031750,0.00168996,0.00375421,0.00079453,0.00074936,0.00244001,0.00269967,0.00434050,-0.00013861,0.00220627,0.00079034,0.00202601,0.00079374,0.01296703,0.00014011,0.00119498,0.00119716,0.00133161,0.00143619,0.00676668,0.00003790,-0.00016039,0.01037369,0.00001697,0.00002700,0.00852675,0.00411214,0.00196166,0.00383624,0.00861634,0.00447427,0.00613449,0.00654663,0.00105957,0.01103698,-0.00001102,-0.00023763,0.00584266,0.00320042,0.00026114,0.00541080,-0.00003897,-0.00088683,0.00248874,0.00150691,0.00147114,0.00450767,0.01129687,-0.00027147,-0.00051636,0.00382928,0.00101018,0.00659809,-0.00053807,-0.00039752,0.00591135,0.00395669,0.00031507,0.00757107,0.01037590,0.00014141,0.00181448,0.00057778,0.00036540,0.00797083,0.00426727,-0.00040848,0.00626805,0.01285935,0.00395929,-0.00009111,0.00942986,-0.00006958,0.00836065,0.00393798,0.00149837,0.02445892,0.00681683,0.00033863,0.00522714,0.03738843,0.00001611,0.00479049,0.00017707,-0.00000341,0.00789370,0.01213331,-0.00006311,0.00164553,0.00257953,-0.00018051,0.00034668,-0.00006486,0.00227368,0.00671360,0.01102765,-0.00018778,0.00819449,0.00003701,0.00001616,0.00780664,0.00461028,0.00006404,0.00275132,0.01625214,0.00263906,0.00529268,-0.00022573,0.00070690,0.01123045,0.01146163,0.00106050,0.00155102,0.00279249,0.00085575,0.00025325,0.01296276,0.00055095,0.00284650,-0.00000076,0.00069884,0.00270234,0.00818591,-0.00002698,-0.00005547,0.00159524,-0.00006197,0.01729967,0.00282874,0.00236405,-0.00006849,0.00076685,0.00247049,0.00718737,0.00799579,0.00152879,0.00017736,0.00648278,0.00029382,0.00276631,0.00980327,0.00387288,-0.00102454,0.00170573,-0.00080923,0.01311055,0.01018178,0.00047737,0.00427430,0.00502113,0.00343304,0.00174513,-0.00015468,0.00359210,0.00283864,0.00437247,0.00353277,0.00492165,0.00256149,-0.00043034,0.00263684,0.00381681,0.00023266,0.00048389,0.00786223,0.00079472,0.00858831,-0.00014321,0.00411692,0.00302927,0.00070699,0.00047992,0.00661000,0.00804920,0.00048997,-0.00014792,0.00000754,0.00114019,0.00592574,0.00417463,0.00109877,0.00962981,-0.00001627,0.00069746,0.00562734,0.00514438,0.00007405,0.00099823,0.01862955,0.00214154,0.01145986,0.00068280,0.00029729,0.01018377,0.00817363,-0.00005780,0.00604173,0.00337898,0.00397904,0.01483800,0.00160141,0.00038173,0.00737286,0.00713200,-0.00000885,0.01048970,0.00805204,0.00271251,0.00164046,0.00205291,-0.00011640,0.00636546,0.00076099,0.00100675,0.00994732,-0.00019651,0.00014755,0.01813447,0.00740111,0.00271484,0.00875580,0.01424097,0.00021011,0.00010416,0.00926636,0.00015811,0.01101979,0.00005860,-0.00001464,0.01444473,0.02361424,0.00055400,0.00704404,0.00584329,-0.00049190,0.01074562,0.00164304,-0.00005992,0.00008419,0.00372848,0.00359023,0.00161453,0.00024748,0.00439915,0.00238427,0.00597700,-0.00017874,0.00209682,0.00392821,0.00069446,0.00431530,0.00511347,0.00024048,0.00030089,0.00792407,-0.00050761,0.00184629,0.00262389,0.00167147,0.00117416,0.00325864,0.00001455,0.01117195,0.00150711,-0.00026300,0.00057910,-0.00020769,0.00029751,0.00692357,0.00284808,0.00052185,0.01995830,0.00691255,0.00110280,-0.00132073,0.00577565,0.00163716,0.00017854,-0.00056802,0.00144186,0.00077061,0.00578097,-0.00002055,0.01026113,-0.00045210,0.00026371,-0.00003543,-0.00030178,-0.00026088,0.00289490,0.00646348,-0.00013423,0.00991359,0.00485998,0.00429219,0.00094946,0.00677899,0.00013920,0.00114058,0.01004546,0.00016873,0.00369036,0.00678567,0.00578112,-0.00116626,0.00197827,0.00019852,0.00487917,0.01042509,0.00276795,0.00280084,0.01318177,0.00000000,0.00716184,0.00191196,0.00056816,0.00621371,0.01495607,0.00182620,0.00963110,0.00326104,0.00104746,0.01196219,-0.00015591,0.00517335,0.00697328,0.00602941,-0.00040737,0.00553269,0.00192063,0.00081611,0.00745690,0.00111593,0.00059131,-0.00022543,0.01005168,0.00052111,0.00769193,0.00884639,0.00284215,0.00069087,0.00601464,0.00129092,0.01412219,0.00375527,-0.00053397,-0.00037186,-0.00046800,0.00912877,0.00418479,0.00723159,0.00307887,0.00511621,0.00049565,-0.00058607,0.00217246,0.00439051,-0.00004326,0.00040277,0.00464871,0.00033976,0.01158635,0.00644142,0.00247438,0.00308272,0.00518185,0.00157057,0.00105148,0.00419724,0.00391629,0.00019752,0.00179422,0.00033476,0.00436153,0.00209975,0.00005067,0.00352262,0.00579964,0.00134365,0.00761739,0.00990841,0.00248980,0.01140198,0.00257180,0.00477280,0.00367733,0.00668880,0.00275695,-0.00029575,0.00942763,-0.00018303,0.01353439,0.00219121,0.00033783,0.00334227,0.00753798,0.00299510,0.00022835,0.01327869,0.00043017,0.00626152,0.00794247,0.00111706,-0.00003817,0.00298023,-0.00008423,0.00934585,0.00639255,0.00000328,0.01541838,0.00227476,0.00338195,0.00170921,0.00209805,0.00095684,0.00187417,0.00744524,0.00038244,0.00998748,-0.00027218,0.00288295,0.00874055,0.00068401,-0.00007599,0.00944470,0.00519780,0.00144088,0.00926912,0.00088707,0.00044392,0.00092516,0.00598586,0.00133078,0.01080752,0.00479073,0.00489502,0.00090841,0.00284655,-0.00002001,0.00254589,-0.00019974,0.00161309,0.00742467,0.00242282,0.00125843,0.00440012,-0.00036986,-0.00061160,0.00315761,0.00682101,0.00129129,0.00217502,0.00713665,0.00451291,0.00074522,0.00737620,0.00195022,0.00297286,-0.00076026,-0.00033298,0.00913623,0.00559018,0.00168736,0.00048436,0.01135721,0.00065441,0.00015068,0.00607744,0.00091742,0.00151004,0.00364126,-0.00041847,0.00760420,0.00360714,-0.00003670,0.00769953,0.00277065,-0.00009662,0.01176762,0.03223355,-0.00010437,0.00369010,0.00127039,-0.00005857,0.02361160,0.00423543,-0.00064570,0.00007282,0.00873024,0.00541913,0.00099131,0.00673870,-0.00054954,-0.00064765,0.00172351,-0.00003185,0.01644615,0.00000257,-0.00058299,0.01194930,0.00666622,0.00138378,0.00929692,0.02033049,-0.00003091,0.01642439,0.00005198,0.00263605,0.00987114,-0.00036076,0.00051871,0.01332502,0.02022210,0.00020540,0.00284679,0.00360860,0.00130633,0.00006369,0.00030507,-0.00002522,0.00670445,0.01058787,0.00208002,0.00384727,0.00441948,0.00230474,0.00039883,0.00196041,0.00090483,0.00249518,0.00270694,0.00085035,0.00357066,0.00091215,-0.00021493,0.01314577,0.01336077,-0.00002618,0.00656964,0.01500313,0.00093439,0.00180092,-0.00053327,0.00055256,0.00490945,0.00405280,0.00124611,0.00506242,0.00965069,-0.00002835,0.00827923,0.00008682,0.00295426,0.01017157,-0.00058370,0.00065783,0.00297334,0.00018823,-0.00010587,-0.00087345,0.00025281,0.00003031,0.00505836,0.00644523,-0.00015828,0.00746771,0.00101614,0.00184218,0.00193186,0.00168378,0.00067698,0.00296351,0.00668037,-0.00021240,0.00921799,0.00847733,0.00296248,0.00097690,0.01293656,0.00303854,0.00495304,0.00496637,0.00404476,0.00590539,0.00666795,0.00091053,0.00665396,0.00059361,0.00173200,0.00493624,0.00219613,-0.00014228,0.00232492,0.00152140,0.00095915,0.00425903,0.00586451,0.00358094,0.00616375,0.00190275,0.00150561,0.00739702,0.00250582,0.00316835,0.00757994,0.00008484,0.00001406,0.00754480,0.00096617,0.00014907,0.00786969,0.00023494,0.00319601,0.00668745,0.01314629,0.00124365,0.00838414,0.00648151,0.00276261,0.00094368,0.00091772,0.00449695,0.00247091,0.00329567,0.00316873,0.00922558,0.01060772,0.00125975,0.00513004,0.00516722,0.00093856,0.00758914,0.00187039,0.00136842,0.00154285,0.00612487,0.00249763,0.00604986,0.00089204,-0.00006625,0.01296017,0.00651309,0.00040481,0.00069292,0.00225724,0.00003755,0.01050798,0.00950691,0.00316484,0.00522151,-0.00112983,0.00121869,0.00186217,0.00174680,-0.00051037,0.00039503,0.00094790,0.00000221,0.01320485,0.01274243,0.00077605,0.00737872,0.00266531,0.00137699,0.00833140,0.01581550,0.00156274,0.00334248,0.00128976,0.00293042,0.00700633,0.00470184,0.00035047,0.00353937,0.00707480,-0.00037928,0.01103853,0.00652825,-0.00002669,0.00626878,-0.00022228,-0.00043979,0.01213302,-0.00032019,0.00665013,0.00544509,0.00247768,-0.00001285,0.00021745,0.00425178,0.00002781,0.01075835,0.00123553,0.00381207,0.00029868,0.00102058,0.00155954,0.01140469,0.00441420,0.00171211,-0.00047852,0.00073552,0.00236990,0.00423856,0.00330956,0.00330066,0.00494083,0.00127051,-0.00059889,0.00367196,0.00553829,0.00210619,0.00043685,-0.00028164,-0.00021372,0.00778219,0.00831364,0.00095553,0.00218109,0.00936470,0.00151098,0.00311486,-0.00020895,-0.00017000,0.00508982,0.00385150,0.00373850,0.00663130,-0.00024519,-0.00005432,0.00101139,-0.00025272,0.00378163,0.01042061,0.00479161,0.00293516,0.00401443,-0.00056296,-0.00012745,0.02961400,0.03292920,0.00054099,-0.00119179,0.00004190,0.00482140,0.00287980,-0.00088783,-0.00004213,0.00707604,0.00059336,0.00079289,-0.00100494,0.00967775,0.00769171,0.00735315,0.00018717,0.00246910,0.00111745,-0.00012327,0.00041810,0.00087032,0.00373400,0.00010949,0.00684233,0.00593731,0.00495007,0.00026185,0.00270598,0.00177850,0.00179513,0.00214043,0.00036770,0.00253372,0.00328380,0.00550120,-0.00077068,-0.00043172,0.00071036,0.00958050,0.00022716,0.00353977,0.00382041,0.00112968,0.00049825,0.00713621,0.00136816,0.00270262,0.00266140,0.00358755,0.00238022,0.00088897,-0.00089619,0.00352901,0.00301999,0.00645085,0.00196838,0.00323344,0.00061445,0.00307314,0.01105542,0.00360873,0.00065477,0.00238372,0.00481787,0.00279482,0.00471562,0.00620389,0.00020014,-0.00023666,0.00001801,0.00087719,0.00544142,0.00003200,-0.00025941,0.00296234,-0.00005383,0.00451409,0.00614304,0.00425641,0.00014194,0.00448806,0.00694781,0.00058717,0.00056218,0.00185334,0.00232532,0.00049940,0.00123284,0.00500910,0.01184645,0.00033206,0.00009120,0.01034360,0.00341584,-0.00013070,0.00373118,0.01195807,0.00249137,0.00344430,-0.00061468,0.00095760,0.00748590,0.00162413,0.00116123,0.00561864,-0.00027385,0.00037264,0.00257625,0.00417363,-0.00001037,0.01021314,0.00398488,-0.00000812,0.00190758,-0.00064895,0.00169233,0.00548975,0.00002624,0.00003423,0.00502445,0.00444065,-0.00011510,0.00904297,0.00852789,0.00060451,0.00713151,0.00749023,-0.00006039,0.00488722,0.00037097,0.00136140,0.00048342,0.00830008,0.00179273,0.00287410,0.00845227,0.00159193,0.00428648,0.00373506,0.00425177,0.00142126,0.00379767,0.00321219,0.00284191,0.01075041,0.00477339,0.00315731,-0.00058892,0.00066778,0.00346565,0.00036294,0.00185574,0.00175220,0.00910301,0.00309123,0.00444483,0.00503194,0.00054695,0.00429184,0.00257240,-0.00005507,0.00183922,0.00405194,0.00199176,0.00143649,0.00703354,0.00150503,0.00275219,0.00365063,0.00041788,0.00840754,0.00272876,0.00000170,0.00430875,0.00659988,0.00392900,0.00354060,0.00747457,-0.00000677,0.01101382,-0.00056753,-0.00015935,0.02260538,0.00833114,0.00169257,0.00120327,0.00050903,0.00203198,0.00945793,0.00027343,0.00270556,0.00003177,0.00036159,0.00197966,0.00639423,0.00259264,0.00488952,0.00824480,0.00630519,0.00368572,0.00061240,0.00358256,0.00023739,0.00069753,0.00222571,0.00014505,-0.00047599,0.00430714,0.00059302,0.00306689,0.00197313,0.00069174,0.01303398,0.00057562,-0.00003453,0.00000888,-0.00004391,0.00257522,0.00314503,-0.00063681,-0.00005603,0.01389636,0.00640199,-0.00005196,0.00112392,0.00711435,0.00064833,0.00656128,-0.00078305,0.00088294,0.00120257,0.00178663,0.00173515,0.00517440,0.00230034,0.00198803,0.00258294,0.00490875,0.00124801,0.01592730,0.00320546,0.00150061,0.01268834,0.00895794,0.00124181,0.00073120,0.00259795,0.00023825,0.00201103,0.00498321,0.00318880,0.00508947,0.00188677,0.00226597,0.00478912,0.00058112,0.00199267,0.00607292,0.00070275,-0.00001186,0.00468652,0.00480035,0.00168857,0.00187449,-0.00035141,-0.00026251,0.00045987,0.00244364,0.00038590,0.00350421,0.00098215,0.00095734,0.00342754,0.00385671,-0.00017798,0.00002414,0.00757024,0.00634892,0.00025612,0.00845982,0.00100207,0.00043815,0.00244267,-0.00027546,0.00303309,0.00165158,-0.00053561,0.01109573,0.00394383,-0.00040504,0.01903878,0.00107215,0.00026038,0.00014133,0.01175370,0.00116962,0.00536710,0.00154670,0.00002378,0.00154028,0.00757910,0.00290614,-0.00152900,0.00531913,0.00058116,0.00001327,0.00429931,0.00011717,-0.00029604,0.00386501,-0.00034734,-0.00060743,0.00094506,0.00059324,-0.00018575,0.00082395,0.00500948,0.00015309,0.00069033,0.00371722,-0.00052992,0.00093339,0.00048918,0.00611656,0.00362913,0.00035462,0.00302828,0.00417768,-0.00006603,0.00766335,0.00054911,0.00028678,0.00025648,0.00453265,0.00005880,0.00855009,0.00515231,-0.00038528,-0.00113570,-0.00007632,0.00033302,0.00678133,0.00361191,0.00346627,0.00033065,-0.00034448,0.00002967,0.01984112,0.00057431,-0.00027169,0.02187608,0.00395879,0.00047616,-0.00033400,-0.00067501,0.00159298,0.00592479,0.00269611,0.00146813,0.00616176,0.00665854,0.00328995,0.00020179,0.00343217,0.00051231,0.01958323,0.01058571,-0.00009115,0.00880478,0.00154078,0.00182153,0.00144865,0.00224818,0.00044747,0.01044322,0.00174407,0.00279753,0.00699369,0.00127518,0.00124626,0.00475628,0.00270295,-0.00014984,0.01568146,0.00214016,0.00141845,0.00809142,0.00246258,-0.00041096,0.00075584,0.00148152,-0.00002161,0.00453457,0.00274872,0.00258481,0.00681849,0.00454142,0.00172793,0.00092126,0.00564505,0.00446083,-0.00009150,0.00683092,0.00026691,0.00436054,0.00437723,0.00202531,0.00981795,-0.00061086,-0.00042274,0.00662814,0.00011418,-0.00026925,0.00148875,0.00877119,0.00146793,0.00531945,0.00072982,-0.00002503,0.00214614,-0.00017234,-0.00004696,0.00687343,0.00966877,-0.00003817,0.01081939,0.01058974,0.00323529,0.00736471,0.00026516,0.00032466,0.00322821,0.00329228,0.00214122,0.00179454,0.00153294,0.00424974,-0.00006945,-0.00041405,0.00157321,0.00500396,0.00166894,0.00050960,0.00005704,-0.00016422,0.00000000,0.01550723,0.00519719,-0.00000632,0.00765297,0.00012174,0.00518725,0.00337609,0.00123023,-0.00007503,0.00368063,0.00092929,0.00105667,0.00369150,0.00469778,0.00005907,0.00487195,-0.00056900,-0.00022191,0.00995968,0.00963283,-0.00000266,0.00685417,0.00137947,0.00162746,0.00065293,0.00115955,0.00104242,0.00593095,0.00565883,0.00134110,0.00893736,0.00732741,0.00077433,0.00015603,0.00938738,-0.00002635,0.00614769,0.00050743,0.00125586,0.00550871,0.00642508,0.00054646,0.00968986,0.00410081,0.00059496,0.00790207,0.00546684,-0.00006093,0.01610960,0.00578601,0.00235055,0.00266206,-0.00038246,0.00398328,0.00492687,-0.00005224,0.00121936,0.01278033,0.00022287,0.00000047,0.00602110,0.00636559,0.00100908,-0.00044702,-0.00164635,0.00036845,0.01074595,0.00345612,0.00064192,0.00158849,-0.00010648,-0.00032785,0.01811681,0.00287901,0.00211667,-0.00054084,0.00022592,0.00145865,-0.00037063,0.00816434,0.00419772,0.00246070,0.00038522,-0.00009833,0.00890325,0.00703946,0.00681181,0.00393240,0.00034975,0.00349305,0.00116324