0.00489897,0.00378276,0.00469165,0.00337067,0.00599696,0.00082019,0.00461149,0.00530252,0.00085455,0.00899361,0.00406413,0.00081550,0.00445961,0.00468285,0.00434855,0.00453700,0.00607853,0.00023285,0.00910533,0.00684026,0.00139354,0.00835140,0.00628117,0.00330360,0.00911485,0.00851118,0.00366914,0.00466850,0.00769500,0.00459031,0.00924685,0.00900054,0.00292020,0.00734850,0.00827002,0.00651040,0.00915730,0.00935306,0.00312664,0.00860320,0.00845296,0.00397544,0.01289912,0.01049813,0.00673683,0.00828787,0.01070982,0.00324649,0.01557578,0.00978147,0.00701172,0.01076495,0.01233026,0.00025790,0.01786651,0.01285022,-0.00056960,0.01585492,0.01164223,0.00414919,0.01459248,0.01081164,0.00418976,0.01388618,0.01177272,0.00540898,0.01248768,0.01223767,0.00510558,0.01885829,0.01346138,0.00855441,0.01214050,0.01386278,0.00267143,0.00654299,0.00224775,0.00013486,0.01387726,0.01593587,0.00747008,0.01525524,0.00992800,0.01134128,0.01533719,0.01373248,0.00410127,-0.00003043,0.00006285,0.00010291,0.00022532,0.00051618,0.00062861,0.00009906,0.00008645,0.00013871,0.00339898,0.00148248,0.00476830,-0.00001273,0.00001022,0.00000175,0.00045815,0.00032612,0.00033649,-0.00003886,0.00025260,0.00245588,-0.00004448,0.00091145,0.00063044,-0.00002859,0.00155193,0.00199568,0.00313525,0.00095825,0.00092880,0.00185564,0.00245307,0.00303021,0.00261807,0.00427784,0.00659310,0.00342478,0.00329594,0.00764467,0.00753261,0.01058853,0.00679808,0.00803734,0.00766342,0.00688632,0.02803551,0.02423953,0.01967210,0.03061853,0.03055932,0.01947839,0.03603658,0.02811859,0.01539755,0.03912622,0.03403841,0.01912881,0.03879788,0.03486593,0.01770468,0.03486282,0.03497211,0.01772381,0.03433503,0.03471017,0.01714047,0.04163089,0.03436957,0.01652971,0.03421497,0.03498390,0.01335074,0.03862237,0.03585805,0.02240001,0.02966273,0.03169583,0.01292905,0.03736144,0.03144040,0.01921088,0.03158160,0.02969927,0.01542273,0.02764374,0.03443977,0.01896811,0.03710800,0.02764404,0.01446398,0.02683762,0.02796068,0.01029288,0.03077389,0.02731330,0.01503515,0.02579480,0.02419190,0.01586669,0.03185070,0.02573990,0.00691516,0.02617103,0.02608975,0.01072520,0.00586154,0.00409009,0.00014993,0.00506065,0.00475431,0.00186131,0.00413466,0.00448946,0.00011881,0.00604629,0.00475109,0.00284948,0.00083362,0.00615794,0.00166444,0.00737078,0.00541905,0.00383291,0.00814945,0.00554987,0.00399802,0.00851207,0.00894691,0.00389971,0.00734257,0.00973708,0.00346972,0.00843923,0.00836071,0.00171476,0.00568781,0.01000805,0.00055794,0.00427436,0.00975332,0.00133742,0.00861825,0.00813637,0.00488710,0.00748829,0.00997730,0.00482276,0.00894538,0.01178153,0.00411602,0.00925341,0.01029766,0.00392004,0.00869881,0.01273346,0.00812482,0.01071365,0.01132458,0.00237200,0.01636297,0.01350496,0.00582273,0.00983090,0.01239693,0.00419335,0.00983883,0.01059315,0.00368332,0.01443023,0.01381215,0.00376011,0.01467898,0.01165711,0.00876351,0.01189294,0.01294440,0.00641949,0.01168081,0.01304586,0.00540991,0.00375916,0.00131259,0.00020361,0.01671798,0.01243204,0.00583629,0.00394672,0.01148078,0.00660347,0.01890098,0.01420909,0.00711889,0.00069510,0.00021433,0.00112374,-0.00004466,0.00027986,0.00235108,0.00132235,0.00031058,0.00078174,-0.00010068,0.00262153,0.00315249,0.00008442,0.00024280,0.00099715,-0.00010024,0.00013477,0.00021009,-0.00004062,0.00084514,0.00148881,0.00102608,0.00054623,0.00048228,-0.00006120,0.00192168,0.00212286,0.00164374,0.00193908,0.00212711,0.00055843,0.00196698,0.00130047,-0.00006382,0.00453379,0.00198143,0.00584148,0.00483420,0.00500656,0.00356070,0.00546525,0.00630123,0.00394478,0.00508932,0.00168203,0.02292022,0.02388834,0.01483283,0.02811493,0.02657014,0.01288878,0.02909688,0.03305354,0.02003141,0.03781888,0.03629453,0.01800154,0.03458139,0.03814237,0.02182539,0.03424486,0.03557241,0.01544934,0.04304836,0.03728345,0.01827539,0.03673412,0.03373370,0.00955933,0.04183724,0.02927299,0.01421498,0.03450707,0.03303905,0.02235152,0.04110345,0.03302963,0.01777778,0.03277981,0.03041276,0.01554170,0.03053924,0.03241594,0.01185488,0.02996299,0.03362509,0.01477377,0.03464773,0.02952170,0.01297776,0.03807787,0.02947386,0.01159540,0.03312349,0.02772867,0.01058581,0.03252954,0.03057261,0.00848149,0.03029284,0.02707268,0.01236761,0.03025995,0.02616998,0.01307581,0.00711302,0.00647138,-0.00008778,0.00544419,0.00475903,0.00178439,0.00343684,0.00618863,0.00081501,0.00665079,0.00387187,0.00059814,0.00893527,0.00599849,0.00007242,0.00997690,0.00422702,0.00167826,0.00739357,0.00703293,0.00418881,0.00311740,0.00618873,0.00370735,0.00680771,0.01005163,0.00154743,0.00739474,0.00925686,0.00011089,0.00900575,0.00881190,0.00078076,0.00505806,0.00925226,0.00209754,0.00933804,0.01114593,0.00046280,0.01276943,0.01098659,0.00389766,0.01023867,0.01123649,0.00328959,0.00782837,0.01169051,0.00160732,0.01204505,0.00962097,0.00375624,0.01208515,0.01231001,0.00015767,0.01221759,0.01222936,0.00279441,0.01450604,0.01165518,0.00348683,0.01361107,0.01309274,0.00346683,0.01163207,0.01241510,0.00242972,0.01285843,0.01340480,0.00617494,0.01493960,0.01433607,0.00381193,0.01104565,0.01443654,0.00585701,0.00369045,0.00188081,0.00011805,0.01644599,0.01553615,0.00744764,0.00697851,0.00669187,0.00512953,0.01472920,0.01346440,0.00962158,-0.00001164,0.00014556,0.00232153,0.00026905,0.00038081,0.00054973,0.00048770,0.00037023,0.00047926,0.00348115,0.00271084,0.00146291,-0.00009158,-0.00001438,-0.00000952,-0.00000351,0.00001886,0.00037916,0.00106593,0.00081201,0.00051751,-0.00001716,0.00100715,0.00132945,0.00038048,0.00042231,-0.00015006,0.00002039,0.00063532,0.00068020,0.00154025,0.00107162,0.00094979,0.00023572,0.00371765,0.00137714,0.00234248,0.00327867,0.00063089,0.00200169,0.00208165,0.00505251,0.00201045,0.00244736,0.00104119,0.03179260,0.03074797,0.00918560,0.03113862,0.03010850,0.01646134,0.04114227,0.03728451,0.01850690,0.03635499,0.03493310,0.01767657,0.04065477,0.03600375,0.01422204,0.04487517,0.03154148,0.02043758,0.04054505,0.03281082,0.01820423,0.04423012,0.03542254,0.01623881,0.03891821,0.03124764,0.01807598,0.03571168,0.03154885,0.01406196,0.03446993,0.03107121,0.01264154,0.03516778,0.03463994,0.01671738,0.03575820,0.03329757,0.00665113,0.03142548,0.02753684,0.00873614,0.03502673,0.02980501,0.01232236,0.02782222,0.02847027,0.01063640,0.03353171,0.02689879,0.00656379,0.03186519,0.02852374,0.01095190,0.02853640,0.02782053,0.00981101,0.02901378,0.02816838,0.00713667,0.00453302,0.00566114,-0.00005166,0.00545075,0.00461905,0.00314045,0.00324423,0.00359750,0.00200434,0.00486916,0.00496754,0.00176879,0.00504271,0.00492891,0.00257243,0.00594829,0.00742031,0.00240363,0.00652953,0.00963170,0.00054475,0.00715221,0.00812061,0.00295228,0.00820916,0.00702036,0.00191669,0.00455325,0.00954286,-0.00001280,0.00816361,0.01011961,0.00230561,0.00922886,0.00894008,0.00501778,0.01151973,0.01109477,0.00436567,0.00642933,0.01100935,0.00251963,0.01162154,0.01182586,0.00173517,0.01375424,0.00983445,0.00183633,0.01263757,0.01173080,0.00166267,0.00905619,0.00962949,0.00937010,0.01494844,0.01142823,0.00283397,0.01548673,0.00914368,0.00561079,0.01102276,0.01128201,0.00568901,0.01386761,0.01315541,0.00602505,0.01560271,0.00853355,0.00247439,0.01416980,0.01275051,0.00673917,0.02050442,0.01330686,0.00918164,0.00301260,0.00282228,-0.00004521,0.01608968,0.01356658,0.00814363,0.00542453,0.00566850,0.00214212,0.01315504,0.01326671,0.00435016,0.00031758,0.00071997,0.00042475,0.00011399,0.00032085,0.00055907,0.00000984,0.00071350,0.00025639,0.00279318,0.00288673,0.00259107,0.00003159,0.00000008,0.00143069,0.00007073,0.00004799,0.00023434,0.00157965,0.00056512,0.00051390,0.00005600,0.00161844,0.00167729,0.00003405,0.00161401,0.00028791,0.00003629,0.00101371,0.00379780,-0.00001101,0.00100367,0.00084281,0.00058513,0.00157938,0.00326473,0.00155117,0.00188186,0.00165856,0.00348607,0.00578506,0.00422586,0.00362179,0.00434933,0.00168916,0.03157944,0.02744070,0.00792430,0.03760672,0.02900512,0.01846928,0.03685587,0.03444318,0.01926508,0.03343929,0.03525840,0.02222938,0.03559650,0.03610986,0.02281006,0.03955748,0.03491359,0.01689141,0.03554534,0.03370770,0.01788774,0.04420508,0.03476026,0.02466496,0.03628190,0.03519958,0.01420813,0.04020439,0.03246535,0.01950207,0.03402463,0.03215777,0.01747756,0.03467814,0.03183990,0.02143373,0.04021200,0.03309951,0.01456051,0.03272320,0.03220505,0.01385819,0.03135232,0.03166957,0.02151769,0.03085931,0.02725740,0.01355897,0.03131678,0.02825146,0.01849966,0.02784998,0.02625253,0.01413499,0.03255516,0.02870687,0.00759919,0.02630634,0.02581087,0.00604682,0.00657818,0.00400918,0.00109345,0.00274209,0.00571311,0.00082545,0.00258444,0.00477698,0.00134617,0.00644368,0.00550828,0.00020798,0.00521859,0.00527820,0.00207806,0.00585396,0.00677322,0.00397576,0.00982093,0.00786027,0.00319895,0.00580157,0.00849396,0.00264756,0.00723055,0.00706597,0.00472716,0.01462745,0.00797834,0.00553467,0.00521166,0.01075925,0.00272479,0.00916060,0.00908400,0.00416285,0.01498496,0.00889189,0.00404731,0.01309696,0.01108948,0.00627504,0.01152747,0.01148811,0.00499007,0.00824197,0.01219823,0.00522249,0.01268878,0.01158606,0.00386143,0.01385289,0.01089652,0.00715304,0.01317050,0.01131716,0.00428788,0.01020370,0.01242474,0.00587070,0.01316040,0.01076614,0.00188522,0.01460689,0.01136999,0.00376088,0.01032415,0.01302963,0.00300864,0.01571564,0.01381484,0.00387990,0.01877830,0.01408414,0.00571649,0.00507939,0.00214756,0.00074671,0.01709864,0.01553685,0.00746461,0.00557271,0.00828725,0.00560537,0.01729454,0.01158492,0.00854603,-0.00014400,-0.00009536,-0.00022337,0.00046157,-0.00003201,0.00201264,-0.00000183,0.00006342,0.00197712,0.00243255,0.00337145,0.00051606,-0.00003787,-0.00003859,-0.00003019,0.00147675,0.00000085,0.00088395,0.00155020,0.00034066,0.00155487,0.00001726,-0.00006832,0.00336102,-0.00002555,0.00069529,0.00308012,0.00253128,0.00134933,0.00303659,0.00434787,0.00107018,0.00147214,-0.00000661,0.00232470,0.00037568,0.00350797,0.00328088,0.00105394,0.00059584,0.00219218,0.00215462,0.00191978,0.00242354,0.00174732,0.02801195,0.02580583,0.00967061,0.03614600,0.03096813,0.01586822,0.03077155,0.03389094,0.01764418,0.03909533,0.03476045,0.01884685,0.04101043,0.03508928,0.02189859,0.04702842,0.03546716,0.01726513,0.04063793,0.03258689,0.01936101,0.04863445,0.03451283,0.01701862,0.03943851,0.03260354,0.01591868,0.03797876,0.03503674,0.01522324,0.03718282,0.02858960,0.01232019,0.03835712,0.03335862,0.01775419,0.03110989,0.03307008,0.01537582,0.03489050,0.03417214,0.01659010,0.02942002,0.02940212,0.02008127,0.03595825,0.02839019,0.00965827,0.03085390,0.03202657,0.01337728,0.03888431,0.02880140,0.01084205,0.03339331,0.02767126,0.01104438,0.02875594,0.02737344,0.00849819,0.00540198,0.00413164,0.00154513,0.00613404,0.00590302,0.00232055,0.00368185,0.00552840,0.00061597,0.00318940,0.00578179,0.00206974,0.00405145,0.00484181,0.00133543,0.00724858,0.00642966,0.00181900,0.00388738,0.00662613,0.00044449,0.00647853,0.00908406,0.00389120,0.00622925,0.00872951,0.00170585,0.00533470,0.00876482,-0.00008428,0.01027707,0.00986921,0.00291379,0.00972766,0.01027986,0.00540684,0.01617010,0.00972806,0.00370497,0.01074188,0.00945265,0.00418643,0.00910001,0.01130446,0.00271551,0.00991333,0.01005069,0.00209649,0.01158282,0.01042786,0.00477291,0.01027390,0.01239256,0.00300973,0.01274045,0.01262159,0.00392311,0.01217764,0.01192865,0.00458942,0.01471894,0.01622518,0.00455193,0.01846324,0.01288415,0.00543627,0.01546975,0.01390273,0.00319684,0.01789074,0.01392551,0.00598716,0.02000236,0.01515429,0.00875574,0.00269777,0.00085003,0.00005754,0.01179696,0.01432974,0.00530279,0.00972022,0.00822074,0.00223199,0.01454016,0.01206874,0.00138571,0.00313839,-0.00008567,0.00093095,0.00054269,0.00005704,-0.00003500,0.00123988,0.00021411,0.00036003,0.00289630,0.00332392,-0.00016346,-0.00002175,-0.00004245,0.00001258,0.00000627,0.00001513,-0.00002993,0.00051929,0.00014629,0.00207477,0.00109078,0.00039374,0.00122852,-0.00005794,0.00008412,0.00347624,-0.00010330,0.00042959,0.00045457,0.00178342,0.00073933,0.00018156,0.00011852,0.00091135,0.00249882,0.00091206,0.00151335,0.00240518,-0.00003196,0.00220707,0.00157048,0.00257618,0.00296385,0.00063166,0.03030854,0.02797283,0.01246493,0.03286681,0.03235831,0.01877378,0.03642400,0.03069810,0.01430814,0.04010805,0.03246006,0.02112233,0.03942467,0.03220850,0.02270369,0.03850457,0.03561242,0.01357585,0.03325375,0.03119889,0.01284156,0.03879975,0.03615193,0.01662051,0.04490808,0.03427595,0.02089919,0.03223018,0.03444783,0.01876257,0.03023902,0.03144205,0.01722955,0.03915275,0.03089237,0.01487628,0.03743032,0.03063092,0.01288444,0.03385313,0.03034183,0.01270794,0.03841380,0.03042818,0.01568941,0.03653900,0.02744769,0.01319557,0.02712678,0.02633258,0.01192789,0.03348668,0.02409865,0.01271933,0.02707529,0.02557642,0.01001712,0.02924471,0.02508776,0.01341759,0.00342603,0.00367643,0.00026942,0.00429697,0.00441082,0.00367918,0.00589188,0.00506502,0.00135020,0.00819249,0.00538341,0.00391987,0.00866216,0.00506826,0.00129703,0.00563992,0.00583596,0.00110604,0.00574325,0.00560949,0.00203387,0.01284848,0.00918866,0.00098613,0.00906426,0.00782124,0.00356170,0.00977089,0.00808742,0.00313020,0.00787654,0.00782046,0.00309825,0.01246015,0.01099997,0.00295910,0.01210634,0.01048766,0.00096557,0.01168543,0.01172282,0.00281126,0.01231358,0.00933601,0.00750553,0.01037529,0.01023800,0.00176769,0.01225150,0.01204417,0.00164273,0.00870795,0.01093806,0.00096271,0.01492316,0.01176735,0.00398203,0.01521232,0.01120629,0.00602505,0.01400958,0.01205262,0.00327262,0.01017351,0.01363206,0.00209498,0.01230958,0.01385108,0.00342908,0.01317608,0.01482009,0.00299178,0.01224076,0.01216834,0.00557745,0.00352127,0.00069319,-0.00013915,0.01535036,0.01451582,0.00589616,0.01547940,0.01001730,0.00297179,0.01907633,0.01518852,0.00704595,0.00050759,0.00099675,0.00004850,0.00030813,0.00063770,0.00017394,-0.00020212,0.00003632,0.00063967,0.00299578,0.00257956,0.00090331,0.00039737,0.00000198,0.00021371,0.00000534,0.00001337,-0.00006999,-0.00000144,0.00067099,0.00334112,0.00091435,0.00148748,0.00029352,0.00034485,0.00063197,0.00068111,0.00005407,0.00037252,0.00145538,0.00015431,0.00047040,0.00091966,0.00001447,-0.00019520,0.00502721,0.00305358,0.00084953,0.00317244,-0.00002987,0.00188785,0.00204909,0.00233174,0.00143444,0.00024267,0.02793418,0.02282216,0.01164335,0.03181866,0.02830552,0.01556478,0.03728304,0.03286105,0.01848121,0.03517499,0.03800689,0.01861383,0.03268803,0.02892409,0.02376971,0.03276966,0.03608845,0.01942925,0.03435155,0.03113458,0.01969998,0.03526461,0.03384949,0.01327259,0.04073633,0.03148243,0.01906673,0.03802291,0.03223805,0.01288494,0.03997625,0.03341623,0.01403244,0.04476979,0.02931118,0.01403472,0.03122837,0.03011109,0.02229209,0.03457604,0.03054583,0.01900967,0.03262205,0.03259958,0.01226797,0.03191923,0.03070273,0.01039861,0.03192165,0.02441202,0.01679177,0.02691329,0.02837088,0.00981069,0.03405045,0.02689398,0.01512816,0.03107981,0.02687596,0.01514173,0.00324586,0.00426620,0.00176045,0.00488022,0.00485388,0.00295655,0.00635938,0.00476081,0.00251266,0.00670586,0.00602998,0.00185706,0.00624055,0.00827368,-0.00005342,0.00974357,0.00863431,0.00397355,0.00894855,0.00854414,-0.00017518,0.00744336,0.00660759,0.00364475,0.00679496,0.00856815,0.00193434,0.01270492,0.00978643,0.00078641,0.00949689,0.00909386,0.00402169,0.01689482,0.01006355,0.00395160,0.01260644,0.01179504,0.00659779,0.00904266,0.00943073,0.00330238,0.01126666,0.00993655,0.00587882,0.01547097,0.01315786,0.00607762,0.01266048,0.01120142,0.00460885,0.01180149,0.01180243,0.00293711,0.01360857,0.01280584,0.00511205,0.01421515,0.01227737,0.00446032,0.01508299,0.01426526,0.00554514,0.01131018,0.01391462,0.00800794,0.01484008,0.00953371,0.00573784,0.01780818,0.01524447,0.00920258,0.01695682,0.01685715,0.00511061,0.00529338,0.00264959,0.00000181,0.01699535,0.01569649,0.00201013,0.01423736,0.01242858,0.00933219,0.01723767,0.01249615,0.01004408,0.00086549,0.00006333,0.00025000,0.00001609,0.00006294,0.00076317,0.00099185,0.00033966,0.00175652,0.00170130,0.00230496,0.00100510,0.00068668,0.00034090,-0.00010880,0.00001583,0.00000000,0.00243738,0.00065300,0.00067533,0.00159953,-0.00004286,0.00090291,0.00027757,0.00142300,0.00087432,0.00022083,-0.00022927,0.00096707,0.00075939,0.00137983,0.00145277,0.00249735,0.00069203,0.00042808,0.00267755,0.00212840,0.00217255,0.00030912,0.00091585,0.00122450,0.00136373,0.00131599,0.00067270,0.00137911,0.02594348,0.02046375,0.01454300,0.03543171,0.03148048,0.01535151,0.02936133,0.02854883,0.00909731,0.03308679,0.03135236,0.01254928,0.03922676,0.03466253,0.01421825,0.03880642,0.03414208,0.01407627,0.03230343,0.02969172,0.01900664,0.03938648,0.03427401,0.01602703,0.03488237,0.03142529,0.02229453,0.03327959,0.02799810,0.01553792,0.04099723,0.03430940,0.01716246,0.03714861,0.02990894,0.01576752,0.03986900,0.02955341,0.01979995,0.03249010,0.02776915,0.01695316,0.03270427,0.02396480,0.01547169,0.03560170,0.02643760,0.01187955,0.03276552,0.02480704,0.01362189,0.03086584,0.02431870,0.01412873,0.02876784,0.02657210,0.01044579,0.03056387,0.02444186,0.01415671,0.00335943,-0.00006225,0.00219672,0.00692306,0.00820082,-0.00024738,0.00471950,0.00550714,0.00185962,0.00572465,0.00565238,0.00259237,0.00533910,0.00671568,0.00360819,0.00762040,0.00733534,0.00155409,0.00480577,0.00733038,0.00249963,0.00789262,0.00981422,0.00263622,0.00876624,0.00972703,0.00151408,0.00975423,0.00768511,0.00392626,0.01064137,0.00943027,0.00145831,0.01043906,0.00893952,0.00315577,0.01030871,0.01066170,0.00003407,0.01063591,0.01268651,0.00683662,0.01202036,0.01020766,0.00424687,0.01528206,0.01075412,0.00232092,0.01021063,0.01214361,0.00364792,0.01576938,0.01255072,0.00639451,0.01603341,0.01113998,0.00417726,0.00629214,0.01349731,0.00548949,0.01447067,0.01451982,0.00200372,0.01225820,0.01240099,0.00501922,0.01613098,0.01377840,0.00315284,0.01592239,0.01462210,0.00699127,0.01703029,0.01417463,0.00738961,0.00504659,0.00417238,-0.00001015,0.01870932,0.01477638,0.00904456,0.00632400,0.01143018,0.00431063,0.01741775,0.01118569,0.00804757,-0.00003872,0.00000170,0.00063860,-0.00001662,0.00000025,0.00257617,-0.00005313,0.00020399,0.00179811,0.00294558,0.00123312,0.00038023,0.00006645,0.00021378,0.00055854,0.00017422,0.00016861,-0.00001385,0.00161556,0.00156999,0.00010568,-0.00003057,0.00009391,0.00181573,-0.00006134,0.00154627,0.00071089,0.00202093,0.00027570,0.00080419,0.00280958,-0.00020168,0.00020799,-0.00004610,0.00151682,0.00211054,0.00280851,0.00096595,0.00113673,0.00181638,0.00005430,0.00428447,-0.00007062,0.00104859,0.00390337,0.02953107,0.02888007,0.01580577,0.03100368,0.02912291,0.01507667,0.03566756,0.03401536,0.00862723,0.03502582,0.02795900,0.01532780,0.04225001,0.03238869,0.01163910,0.03627228,0.03313716,0.01038952,0.02779847,0.03268620,0.01521723,0.03815264,0.03095268,0.01578710,0.04331052,0.02848903,0.01642042,0.02941691,0.02948657,0.01269888,0.03270558,0.03149268,0.01321744,0.03684212,0.03184742,0.01253549,0.02910457,0.03410447,0.01982521,0.03197104,0.02688611,0.01089997,0.03683387,0.02926321,0.01089230,0.02789764,0.02826017,0.01445536,0.02902075,0.02362442,0.01024191,0.02737018,0.02373277,0.01013566,0.02821725,0.02478758,0.00840775,0.02669645,0.02433964,0.01493737,-0.00000598,0.00055515,0.00011706,0.00652724,0.00300678,0.00231345,0.00668462,0.00612687,0.00068399,0.00533979,0.00556786,0.00142627,0.00373903,0.00492179,0.00099395,0.00801604,0.00516323,0.00339649,0.00634442,0.00704432,0.00345127,0.01220223,0.00730300,0.00013908,0.00761426,0.00868479,0.00346022,0.00843090,0.00824920,0.00384966,0.01651141,0.00934020,0.00257954,0.01140018,0.00981474,0.00142748,0.00941499,0.00960092,0.00545087,0.01064265,0.01063648,0.00760627,0.00707046,0.01065599,0.00675211,0.01597805,0.01179301,0.00359310,0.01221741,0.01023332,0.00400533,0.01324367,0.01350171,0.00589329,0.01451601,0.01242388,0.00368329,0.01593993,0.01149521,0.00630349,0.01541336,0.01487681,0.00474466,0.01514970,0.01403928,0.00379993,0.01535999,0.01377710,0.00415970,0.01410129,0.01490161,0.00314999,0.01413309,0.01628084,0.00465263,0.00375142,0.00231466,0.00051431,0.01648173,0.01400634,0.00692407,0.01862973,0.01301028,0.00398077,0.01068179,0.00859597,0.00579271,0.00130715,0.00107466,0.00080263,0.00007807,0.00018474,0.00067236,0.00031927,0.00018206,0.00142026,0.00046123,0.00106841,0.00059501,0.00000000,0.00036306,0.00092604,-0.00025073,-0.00000258,0.00041356,0.00124897,0.00151043,0.00156846,0.00069816,-0.00000308,0.00008019,0.00115329,0.00014033,0.00186191,0.00012433,0.00104125,0.00342579,0.00118049,0.00129435,0.00141097,0.00296334,0.00150399,0.00045731,-0.00002422,0.00013276,0.00506371,0.00016568,0.00068296,0.00374580,0.00039910,0.00035505,0.00358599,0.02941611,0.02807775,0.01848775,0.03132060,0.02925238,0.01459407,0.03177899,0.02980753,0.01329055,0.03551090,0.02982993,0.01558711,0.03192932,0.03046452,0.01594136,0.03632225,0.03283140,0.01330086,0.03954665,0.03137052,0.02184567,0.02781803,0.03276204,0.01734584,0.03001480,0.02901541,0.01901253,0.03399379,0.02816033,0.01767219,0.03337553,0.02542533,0.01454450,0.03719788,0.03187340,0.01529837,0.02886355,0.02902571,0.01081175,0.02874462,0.03146186,0.01348241,0.03103043,0.02604214,0.01371497,0.02953646,0.02659574,0.01628128,0.03315786,0.02835443,0.01084126,0.03077174,0.02693319,0.01112169,0.02983844,0.02603371,0.00930663,0.03082013,0.02503013,0.01205004,0.00223488,0.00376059,-0.00033405,0.00695155,0.00624169,0.00085696,0.00391577,0.00554496,0.00321626,0.00507130,0.00605776,0.00102486,0.00389059,0.00695431,0.00061484,0.00769995,0.00827572,0.00176780,0.00972023,0.00784908,0.00520747,0.00784790,0.00821378,0.00322100,0.00900638,0.00878588,0.00249305,0.00872393,0.00844260,0.00607906,0.01038532,0.00941710,0.00344092,0.00880039,0.00964115,0.00395237,0.00155442,0.00847769,0.00418411,0.00972840,0.00857600,0.00719694,0.01014967,0.00892675,0.00523105,0.01085504,0.01218693,0.00490198,0.01161114,0.01177572,0.00325911,0.01223115,0.01216192,0.00599715,0.01332058,0.01286357,0.00499089,0.01705329,0.01213853,0.00519495,0.01364355,0.01170921,0.00957607,0.01489471,0.01283944,0.00367085,0.01481558,0.01135954,0.00677803,0.01958949,0.01087758,0.00636969,0.01816322,0.01434390,0.00700359,0.00231344,0.00214920,0.00013351,0.01837259,0.01478679,0.00893889,0.02170492,0.01603630,0.00485674,0.00261720,0.00309085,0.00043917,0.00262664,0.00282404,0.00156986,0.00007367,0.00052346,0.00050491,-0.00003168,0.00066112,0.00085761,0.00030880,0.00003981,0.00213100,0.00003207,-0.00003278,0.00002624,0.00145684,0.00087529,0.00168703,0.00292719,0.00213178,-0.00006212,0.00004917,0.00000240,0.00429604,0.00003719,-0.00002717,0.00220714,-0.00002509,0.00025948,0.00230196,0.00074614,0.00180979,0.00078257,0.00006083,0.00106666,0.00069447,-0.00003805,0.00233999,-0.00001691,0.00028944,0.00048939,0.00169016,0.00043112,0.00029085,0.00033212,0.03130336,0.02651754,0.00736635,0.03904372,0.03113469,0.01684885,0.02705370,0.03009463,0.01494121,0.02966915,0.02805664,0.01569478,0.03422299,0.03036103,0.01191579,0.04009017,0.03213260,0.01340287,0.03526030,0.03085340,0.01521700,0.03929504,0.03005721,0.01308149,0.03266811,0.03107255,0.00921329,0.03056334,0.02804403,0.01891820,0.03742030,0.02949062,0.01252322,0.03100968,0.03087797,0.01318036,0.03661569,0.03046208,0.01283291,0.03129717,0.02726097,0.01348564,0.02525196,0.02637663,0.00683680,0.03298388,0.02876274,0.00999562,0.03048062,0.02736755,0.01129495,0.02734491,0.02404926,0.01132712,0.02973825,0.02436979,0.00994430,0.02573884,0.02452001,0.00515513,0.00684181,0.00684692,0.00334917,0.00386911,0.00533302,0.00284056,0.00519014,0.00464976,0.00315162,0.00315867,0.00904558,0.00585204,0.00202466,0.00563923,0.00371436,0.00772882,0.00581401,0.00265928,0.01023753,0.00985632,0.00242177,0.00811032,0.00960076,0.00476731,0.00671224,0.00931262,0.00286422,0.01240184,0.01048079,0.00388550,0.01042940,0.01000731,0.00234215,0.00759366,0.00861327,0.00538902,0.01009975,0.01078693,0.00193793,0.01045132,0.01009389,0.00388005,0.01201461,0.01239938,0.00342501,0.01723316,0.01170659,0.00442506,0.01119138,0.00777853,0.01164458,0.01100230,0.01220950,0.00782964,0.01188770,0.01427819,0.00993401,0.01192333,0.01145571,0.00717135,0.01797494,0.01303885,0.00347753,0.01425893,0.01236691,0.00626443,0.02149578,0.01406315,0.00641209,0.01799733,0.01475108,0.00593590,0.01388160,0.01437767,0.00844381,0.00186079,0.00116087,0.00308639,0.01584859,0.01508964,0.00905475,0.01670336,0.01552563,0.01000740,0.01002718,0.01098712,0.00081745,0.00161504,0.00154276,0.00154008,0.00034551,0.00026128,0.00112288,-0.00005793,0.00000929,0.00090772,-0.00000605,0.00031974,0.00325586,-0.00003247,-0.00004573,0.00191138,-0.00000044,0.00006392,0.00128451,0.00156405,0.00152355,0.00203711,0.00000000,0.00130902,0.00035575,0.00011383,0.00031411,0.00085615,0.00002478,0.00027067,0.00246377,-0.00009711,0.00002063,0.00288131,-0.00003400,0.00091470,0.00112413,0.00124449,0.00147318,0.00057859,0.00015154,0.00044704,0.00398537,-0.00005001,0.00033175,0.00198751,0.03535567,0.02817134,0.01595836,0.03131602,0.02769797,0.01386001,0.03526327,0.02930272,0.01309258,0.03100181,0.02660503,0.01601756,0.02830037,0.03149911,0.00667473,0.03362584,0.03183968,0.02011296,0.03291094,0.02909335,0.01174080,0.03708843,0.03142719,0.00783550,0.02907633,0.02623408,0.02192214,0.03370525,0.02442209,0.01570591,0.03357647,0.03357768,0.01582329,0.03282853,0.03071274,0.01590437,0.03320298,0.03249563,0.01384849,0.03214114,0.02716260,0.01671126,0.02809026,0.02892883,0.00899609,0.02571266,0.02618139,0.01271245,0.02750275,0.02481657,0.00879151,0.03145896,0.02428090,0.00411506,0.02827549,0.02394914,0.01421148,0.03373045,0.02339191,0.01279388,0.00275289,0.00020698,-0.00009070,0.00700883,0.00554182,0.00295768,0.00264342,0.00530687,0.00040565,0.00367955,0.00498038,-0.00001188,0.00173342,0.00151368,0.00197197,0.00508033,0.00402189,-0.00021325,0.00678974,0.00658099,0.00022365,0.00782332,0.00818871,0.00113431,0.00610417,0.00912486,0.00131725,0.00880004,0.00786023,0.00422866,0.00889861,0.00972477,0.00229722,0.00982619,0.01023393,0.00330296,0.00837693,0.00971009,0.00158703,0.00916712,0.01027716,0.00581804,0.00983016,0.01041384,0.00380420,0.01220642,0.01261111,0.00494312,0.01375118,0.01001900,0.00493554,0.01226792,0.01287133,0.00448943,0.00892248,0.01078755,0.00386657,0.00831816,0.01251190,0.00303376,0.01830546,0.01051430,0.00584632,0.01568154,0.01202755,0.00610603,0.01131150,0.01360329,0.00540675,0.01716321,0.01242214,0.00436715,0.02258597,0.01346079,0.00351879,0.00485746,0.00405885,0.00038283,0.01704980,0.01622469,0.00582489,0.01975519,0.01525207,0.00249138,0.00812342,0.00962512,0.00322817,0.00023607,0.00061791,0.00000407,0.00081887,0.00019340,0.00027202,-0.00010216,0.00016737,0.00018788,-0.00001127,0.00014886,0.00047005,0.00187176,0.00037852,0.00018482,0.00041349,0.00034327,0.00109824,0.00307876,0.00217849,0.00218628,0.00219827,-0.00003417,0.00116044,0.00104544,0.00004650,0.00151049,-0.00003753,-0.00003189,0.00427589,0.00182156,0.00133325,0.00065499,0.00006042,0.00052511,0.00241768,0.00000600,0.00038980,0.00137138,-0.00007868,0.00069973,0.00165972,0.00006184,0.00025982,0.00005147,0.02067371,0.02532778,0.01112404,0.02857405,0.02606635,0.01207719,0.02908202,0.02743523,0.00950028,0.02923947,0.02658476,0.01246900,0.03268096,0.02596623,0.00684196,0.03289446,0.03135095,0.01315440,0.02867398,0.02926939,0.01114572,0.03042661,0.02931464,0.01639294,0.03233809,0.02803056,0.01244675,0.03109249,0.02939691,0.01151274,0.03110644,0.02775187,0.01631595,0.02953286,0.02909749,0.01288454,0.02606142,0.03090966,0.01286334,0.02521779,0.03012070,0.01556087,0.02922732,0.02422179,0.00974705,0.02946809,0.02644748,0.01109341,0.02737963,0.02742409,0.01103465,0.03065692,0.02965037,0.00717432,0.02585189,0.02346134,0.01240185,0.02594836,0.02497256,0.00855297,0.00049528,0.00084788,0.00023144,0.00146812,0.00487361,0.00013685,0.00715522,0.00576480,0.00083177,0.00513453,0.00497723,0.00068280,0.00321733,0.00434408,0.00031792,0.00694205,0.00350564,0.00365341,0.00945324,0.00893815,0.00220613,0.00751277,0.00949586,0.00348215,0.01147625,0.00900009,0.00189611,0.00809857,0.00941011,0.00348364,0.00771831,0.01008640,0.00523725,0.00997598,0.00907391,0.00404727,0.01220046,0.01028826,0.00043760,0.01600295,0.00902618,0.00557218,0.00800756,0.01101399,0.00433820,0.01085920,0.01106649,0.00626702,0.01593795,0.01239508,0.00591218,0.01124751,0.01216805,0.00145522,0.01612622,0.01266557,0.00214415,0.01192831,0.01260656,0.00672666,0.01576473,0.01361505,0.00605461,0.01068559,0.01220474,0.00293816,0.01446261,0.01180218,0.00602518,0.01212300,0.01497153,0.00478181,0.01466260,0.01401657,0.00706964,0.00387033,0.00190980,0.00076162,0.02094151,0.01513514,0.00824877,0.01358125,0.01424553,0.00660796,0.00675582,0.00503439,0.00313856,0.00282182,0.00201734,0.00057013,0.00123094,0.00018373,-0.00008698,-0.00004452,0.00063270,0.00118611,0.00001600,0.00098579,0.00115253,-0.00005416,0.00019624,0.00064451,0.02265867,0.01712316,0.01343093,0.00438932,0.00171617,0.00133756,0.00070249,0.00006415,0.00251391,-0.00006473,0.00035069,0.00386522,0.00069030,0.00037241,0.00161185,0.00058614,-0.00004634,0.00375251,0.00034257,0.00084556,0.00181465,-0.00000295,-0.00007460,0.00304612,-0.00008887,0.00034685,0.00262485,0.00015690,0.00017645,0.00045661,0.03052831,0.02479197,0.01137598,0.03202216,0.02599341,0.01153908,0.03442578,0.02736922,0.00557716,0.03098598,0.02991098,0.01068053,0.03560756,0.02846172,0.01255872,0.03202320,0.02816658,0.01202707,0.02999102,0.02798397,0.01763551,0.03084074,0.02775282,0.01809437,0.03925455,0.03143805,0.01776827,0.03219114,0.02996830,0.01268264,0.03250606,0.02677082,0.01231940,0.02532091,0.02921227,0.01980139,0.03064967,0.02481456,0.01739450,0.03860896,0.02497729,0.01221739,0.03212323,0.02525984,0.01217062,0.03211236,0.02839742,0.01283622,0.02536196,0.02480979,0.01111428,0.03080766,0.02764675,0.01007485,0.02439119,0.02454993,0.01343273,0.02796338,0.02361968,0.00686948,0.00673775,0.00582905,0.00138969,0.00482856,0.00471258,0.00201569,0.00719563,0.00518074,0.00063492,0.00884485,0.00337878,0.00338709,0.00392672,0.00402848,0.00147009,0.00261270,0.00346046,0.00088290,0.00734121,0.00771014,0.00217881,0.01012744,0.00796366,0.00309631,0.01196812,0.01290742,0.00401913,0.00894422,0.01106049,0.00462282,0.01164105,0.00861121,0.00528337,0.01291061,0.00948598,0.00586871,0.01014061,0.01017254,0.00514824,0.01434030,0.01112860,0.00199056,0.01426894,0.01099233,0.00592424,0.01040136,0.01344880,0.00524109,0.00958842,0.01170793,0.00382586,0.01538163,0.01008479,0.00775797,0.01464822,0.01143807,0.00887809,0.01662736,0.01185235,0.00393114,0.01395525,0.01247473,0.00736820,0.01782258,0.01207506,0.00824552,0.01099795,0.01311320,0.00492858,0.01530932,0.01461736,0.00770216,0.01687594,0.01569463,0.00301272,0.00331749,0.00275096,0.00191613,0.01675992,0.01491005,0.00507396,0.02288830,0.01486791,0.00923197,0.00676934,0.00537026,0.00214223,0.00139355,0.00226478,0.00054052,0.00039440,0.00073967,0.00129019,0.00539989,0.00708576,0.00491476,0.00704861,0.00925048,0.00708372,0.00239754,0.00398825,-0.00003390,0.00081158,0.00296576,0.00005713,0.00138828,-0.00001939,0.00165439,0.00074361,0.00060615,0.00184678,0.00102621,0.00078069,0.00227931,0.00011379,0.00053609,0.00136660,0.00036242,-0.00004615,0.00178096,0.00060129,0.00036748,0.00091795,0.00179503,0.00080286,0.00194670,-0.00000562,0.00084472,0.00474982,-0.00003352,0.00000000,0.00648365,0.03113096,0.02349675,0.00949525,0.02934556,0.02403866,0.02013289,0.03391287,0.02787425,0.01124648,0.03045382,0.02857998,0.01334839,0.02889298,0.02817419,0.01455869,0.03596126,0.03063205,0.01239154,0.02920935,0.02737007,0.01433983,0.03210096,0.02738311,0.00726392,0.03343868,0.02912466,0.01315781,0.03863410,0.03126272,0.00765512,0.02919063,0.02986782,0.00981165,0.03617986,0.02854510,0.01574518,0.03297590,0.02862620,0.01899483,0.03557515,0.03000605,0.01434002,0.02464277,0.02452143,0.01524381,0.02976630,0.03031291,0.01318812,0.03159286,0.02709445,0.01051758,0.03009782,0.02601934,0.00756044,0.02748232,0.02539189,0.00796292,0.02288356,0.02312639,0.00758402,0.00858350,0.00650351,0.00183724,0.00353973,0.00264671,0.00000432,0.00703637,0.00698238,0.00229514,0.00680813,0.00436900,0.00360138,0.00183354,0.00302440,0.00021358,0.00411524,0.00325497,0.00079189,0.00620584,0.00532880,0.00192430,0.00724575,0.00914625,0.00089108,0.00695832,0.00847840,0.00410105,0.00865746,0.00905823,0.00253195,0.01133203,0.00959214,0.00383829,0.00856346,0.01035011,0.00401992,0.00995716,0.01063380,0.00353935,0.01068406,0.01050025,0.00842659,0.01436687,0.01124824,0.00423014,0.01368532,0.01333470,0.00323712,0.01444448,0.01187950,0.00580660,0.01487176,0.00930466,0.00674067,0.02062511,0.01006362,0.00691158,0.01275922,0.01279315,0.00198786,0.01204473,0.01129918,0.00472294,0.01558322,0.01151090,0.00643965,0.01410930,0.01617659,0.00884694,0.01400301,0.01256193,0.00453604,0.01903190,0.01467746,0.00926767,0.00219519,0.00103781,0.00013411,0.02080955,0.01707977,0.00277738,0.01689945,0.01107414,0.00475188,0.00457494,0.00500779,-0.00045721,0.03324079,0.03378494,0.03176329,-0.00002033,0.00074871,0.00025316,0.02875555,0.03094325,0.02322130,0.02342608,0.03283811,0.02337000,0.01074035,0.01051771,0.00537464,0.00013880,0.00026779,0.00030125,0.00115198,0.00062945,0.00048559,0.00064116,0.00029187,0.00054515,0.00098146,0.00013475,-0.00008645,-0.00022315,0.00064463,0.00209383,0.00080131,0.00028745,0.00056896,0.00048873,0.00012621,0.00430741,-0.00010775,0.00023993,0.00028590,-0.00004894,0.00041711,0.00042148,0.00015323,0.00129380,0.00316099,0.02527696,0.02589400,0.01073211,0.03564387,0.02812822,0.01452544,0.03227831,0.02541615,0.01547191,0.03723999,0.03204931,0.00999156,0.02925889,0.02630618,0.01457363,0.03384825,0.02541409,0.00740660,0.03412843,0.02997762,0.00824214,0.03244094,0.02678573,0.01511251,0.02992062,0.03003743,0.00707926,0.03325992,0.02752887,0.01288907,0.03185716,0.02705900,0.01471048,0.02783811,0.02583973,0.01358836,0.02798524,0.02942979,0.00723786,0.03009574,0.02865366,0.01311602,0.03065700,0.02746568,0.01105384,0.02949967,0.02797160,0.00738635,0.03043932,0.02786765,0.00925973,0.02628798,0.02515282,0.01018109,0.01077705,0.00783025,0.00031573,-0.00002202,0.00146370,0.00742521,0.00471858,0.00519715,0.00123367,0.01157247,0.00547862,-0.00006276,0.00684168,0.00503969,-0.00039786,0.00402662,0.00569504,0.00254268,0.00644720,0.00630726,0.00027279,0.00312468,0.00412788,0.00239668,0.00545695,0.00512719,0.00230783,0.00417495,0.00811924,0.00116308,0.00597073,0.01007952,0.00063293,0.00703898,0.00836385,0.00490221,0.01077350,0.00877012,0.00407503,0.00849284,0.00955374,0.00394916,0.00920275,0.01076832,0.00444779,0.00939996,0.01113792,0.00403148,0.00865452,0.00954513,0.00119950,0.01795498,0.00973258,0.00582049,0.00935031,0.01168054,0.00492517,0.01413853,0.01203416,0.00359295,0.01536404,0.01056896,0.00628138,0.01657510,0.01204365,0.00578439,0.01568394,0.01519504,0.00703191,0.01725441,0.01436681,0.00148571,0.01696146,0.01355931,0.00587678,0.01070009,0.01660739,0.00333924,0.01970570,0.01440984,0.00770160,0.00126285,0.00201382,0.00093305,0.01675871,0.01242048,0.00815641,0.00642304,0.00670217,0.00559579,0.00403537,0.00346888,0.00078770,0.04013427,0.03289189,0.02415672,0.01126716,0.01006040,0.00704536,0.01399471,0.01593765,0.01415176,0.02145948,0.02345069,0.01936511,0.02059988,0.01968341,0.01076377,-0.00006612,0.00014528,0.00194672,0.00000000,0.00078783,0.00018997,0.00051917,0.00084703,0.00034442,0.00023713,0.00039625,0.00216335,-0.00004143,0.00050410,0.00105787,0.00001084,0.00087107,0.00266243,0.00004668,0.00004898,0.00199655,0.00000215,-0.00000834,0.00114432,0.00008413,-0.00004977,0.00159230,0.00006515,0.00036607,0.00212734,0.03112818,0.02881376,0.00720570,0.02642310,0.02556819,0.01026891,0.03436825,0.02810077,0.01315143,0.03336279,0.02547842,0.01027960,0.03800072,0.03173926,0.01223084,0.03279173,0.03028219,0.01168077,0.03366319,0.02790265,0.00888047,0.04110124,0.02964339,0.01447110,0.03103412,0.02868209,0.01430152,0.03301069,0.02615257,0.01360521,0.03173473,0.02852083,0.00921934,0.03370152,0.02660865,0.01450720,0.03103388,0.02439608,0.01119979,0.02977333,0.02901297,0.01254110,0.02534217,0.02641769,0.01153081,0.02423333,0.02581346,0.01340735,0.03252303,0.02607071,0.01225384,0.02937249,0.02544754,0.01237779,0.00621272,0.00104763,0.00042809,-0.00000138,0.00050285,0.00171388,0.00738430,0.00729331,0.00048906,0.00068374,0.00093873,0.00006247,0.00535911,0.00751129,0.00061801,0.00708798,0.00508199,0.00049364,0.00743081,0.00875807,0.00159399,0.00447453,0.00461728,0.00289046,0.00303200,0.00475603,0.00061056,0.00537574,0.00686516,0.00263329,0.00895356,0.00819761,0.00205961,0.00651094,0.00856975,0.00331947,0.00861220,0.00920435,0.00106542,0.01126243,0.01011837,0.00567274,0.00773769,0.01184151,0.00603749,0.01184014,0.01024032,0.00096251,0.01057220,0.01097105,0.00601364,0.01037282,0.01039625,0.00679563,0.01522573,0.01145422,0.00575010,0.01473248,0.01188546,0.00803486,0.01914971,0.01157217,0.00561771,0.02048182,0.01289409,0.00216402,0.01573135,0.01503696,0.00704333,0.01591207,0.01230830,0.00663933,0.01875816,0.01232985,0.00552131,0.01984707,0.01298148,0.00846108,0.01871311,0.01606837,0.00763031,0.00508978,0.00345495,0.00017082,0.01962684,0.01518700,0.00595297,0.01191688,0.01273625,0.00852698,0.00217500,0.00232750,0.00059306,0.05441885,0.05252923,0.03584866,0.02501320,0.02607581,0.02695500,0.01882367,0.01682883,0.00969266,0.01948744,0.02308537,0.02235379,0.03258301,0.02939002,0.01841705,-0.00001691,0.00034713,0.00328164,0.00070869,0.00177099,0.00183110,0.00166728,-0.00010814,0.00181521,-0.00001387,0.00064904,0.00022721,0.00068360,0.00051829,0.00060117,0.00000804,0.00037382,0.00085580,0.00012969,0.00066608,0.00172299,0.00015919,0.00169952,0.00269302,0.00149458,0.00023312,-0.00012845,0.00035269,0.00097256,0.00290713,0.03490468,0.02643900,0.01369979,0.03136805,0.03061346,0.01343372,0.02971795,0.02348929,0.01256771,0.02406355,0.02506998,0.01426794,0.03147290,0.02760622,0.00847028,0.03725481,0.02797948,0.01816444,0.03072329,0.03268276,0.00981865,0.03506979,0.02776291,0.01314747,0.03187964,0.02610254,0.01689262,0.02751498,0.02638623,0.01424413,0.03285480,0.02549547,0.01933753,0.02732685,0.02689990,0.01019659,0.02871140,0.02692518,0.01392400,0.03664238,0.03194373,0.00934660,0.02946443,0.02494014,0.01449381,0.02573672,0.02713300,0.01333594,0.03458728,0.02415121,0.01170818,0.03255562,0.02376332,0.01170044,0.00291760,0.00196800,-0.00004661,0.00010257,0.00103444,0.00149798,0.00863339,0.00738370,0.00004772,0.00110475,0.00076526,0.00007615,0.00556516,0.00597622,0.00162478,0.00697683,0.00812675,0.00053717,0.00845677,0.00824081,-0.00055996,0.00857394,0.00664504,-0.00032314,0.00329853,0.00430250,0.00094964,0.00395325,0.00826765,0.00092003,0.00775383,0.00936609,0.00247231,0.00806036,0.00894573,0.00451990,0.01145961,0.01168586,0.00282848,0.01081051,0.01086250,0.00272957,0.01464034,0.01149432,0.00560597,0.01496322,0.01267855,0.00292566,0.01078807,0.01042680,0.00501971,0.01360879,0.01098816,0.00596563,0.01645054,0.01149062,0.00799679,0.01342631,0.01177284,0.00441572,0.01536524,0.00824736,0.00321816,0.01401967,0.01226472,0.00974159,0.00844795,0.00132184,0.00029616,0.01491098,0.01257095,0.00535321,0.01989061,0.01358298,0.00403991,0.01774664,0.01604355,0.00845226,0.01579972,0.01361654,0.00775980,0.00923807,0.00467624,0.00117109,0.01882916,0.01580544,0.00593374,0.00515563,0.00938042,0.00359538,0.00176999,0.00366759,0.00315262,0.03198573,0.03138196,0.02153719,0.02472867,0.01948256,0.01744536,0.01775556,0.01634309,0.01093479,0.02684226,0.02389465,0.02024635,0.02556495,0.02535096,0.01701169,0.00320427,0.00082838,0.00002822,0.00006130,0.00032475,0.00039945,-0.00008427,0.00016132,0.00411421,-0.00003866,0.00006636,0.00358640,0.00007623,-0.00001419,0.00218223,0.00006142,-0.00001340,0.00076477,-0.00016184,0.00057322,0.00086125,0.00015165,0.00062492,0.00539376,0.00186519,-0.00011041,0.00072841,0.00011500,0.00067370,0.00260064,0.02915515,0.02654348,0.01029341,0.03159181,0.02758681,0.01265522,0.03554163,0.02822919,0.01122303,0.03020236,0.03113084,0.01523610,0.02992243,0.02796107,0.00970648,0.03172769,0.02866707,0.01181519,0.03798344,0.02866592,0.01361407,0.02711566,0.02601645,0.00970687,0.03406542,0.02956326,0.00612836,0.03134383,0.02912877,0.01185175,0.02792174,0.02820501,0.01211982,0.02816144,0.02955492,0.00520289,0.02989565,0.02694818,0.00638454,0.03266482,0.02941457,0.01100961,0.03001630,0.02598067,0.01743494,0.03002832,0.02711895,0.01514662,0.03363737,0.02790431,0.00836380,0.02849608,0.02632644,0.01382909,0.00150294,0.00295085,0.00092535,0.00021435,0.00005827,0.00128943,0.00471160,0.00672714,0.00168690,0.00469224,0.00504777,-0.00010091,0.00378470,0.00665148,0.00223577,0.00710988,0.00742019,0.00268908,0.00903385,0.00762038,0.00078166,0.00542077,0.00753797,0.00338237,0.00247041,0.00582276,0.00318823,0.00726216,0.00599012,0.00021024,0.00654219,0.00895685,0.00707230,0.00827860,0.00860830,0.00400839,0.01182667,0.01093429,0.00352968,0.01230501,0.01013201,0.00363640,0.01082578,0.01115173,0.00237710,0.01241063,0.00934874,0.00560996,0.01231304,0.01140575,0.00379139,0.00799119,0.01512975,0.00669300,0.01369879,0.01282850,0.00670270,0.01738216,0.01247485,0.00419252,0.01330553,0.01022150,0.00716666,0.01429922,0.01212132,0.00652477,0.00103986,-0.00003809,0.01247202,0.01858004,0.01360147,0.00568009,0.02130336,0.01492253,0.00726441,0.01714715,0.01385663,0.00533440,0.01858175,0.01420802,0.00654217,0.00644583,0.00393354,0.00037599,0.01888864,0.01470747,0.00450258,0.00744899,0.00768381,0.00394922,0.00226381,0.00218914,0.00169880,0.03268605,0.02953896,0.02164096,0.01824520,0.01952659,0.01661808,0.02157908,0.02016561,0.01323049,0.02644273,0.02441520,0.01359802,0.02458942,0.02742620,0.01968917,0.02251521,0.02013646,0.01216330,0.02862122,0.02006197,0.01287319,0.00000306,0.00053032,0.00009733,0.00088057,0.00049452,0.00019378,0.00000234,0.00028543,0.00082046,-0.00002459,0.00033833,-0.00021637,0.00024682,0.00012890,0.00097155,0.00109264,0.00007106,0.00397965,0.00208432,0.00094500,0.00012287,0.00038779,0.00134305,0.00285771,0.03091397,0.02643567,0.01176453,0.03231815,0.02421575,0.01625097,0.03038681,0.02861039,0.01525765,0.02767164,0.03246634,0.01303076,0.03578287,0.02627858,0.01278731,0.03058604,0.02509505,0.00931852,0.03179447,0.02817647,0.00762668,0.03231623,0.02571776,0.01281287,0.03187536,0.02810625,0.01240016,0.03420003,0.02635397,0.01205631,0.03261155,0.03043623,0.01111093,0.03332958,0.02627441,0.01230911,0.03191782,0.02722928,0.01708511,0.03374779,0.02655891,0.01332763,0.02946191,0.03219233,0.01314724,0.03232030,0.02774355,0.01540853,0.03605758,0.02723097,0.00959462,0.03174017,0.02451397,0.01587290,0.00007585,0.00135275,0.00150951,0.00031521,-0.00003393,0.00017391,0.00509550,0.01060025,0.00326941,0.00676204,0.00717904,0.00158373,0.00517923,0.00679877,0.00079803,0.00574738,0.00840297,0.00160419,0.00750523,0.00717475,0.00168533,0.00700324,0.00845833,0.00269487,0.00633270,0.00665321,0.00172816,0.00265749,0.00298476,0.00241063,0.00707610,0.00922747,0.00351768,0.01086320,0.00991701,0.00120643,0.00880897,0.01058732,0.00215547,0.01097522,0.01125618,0.00485900,0.01365682,0.01244989,0.00372682,0.01186494,0.00917583,0.00449665,0.01082360,0.01119022,0.00492235,0.01186572,0.01245884,0.00651803,0.01213721,0.01038300,0.00458825,0.01329683,0.01196351,0.00317423,0.01746812,0.01247537,0.00737514,0.00960564,0.01373585,0.00336847,0.01793610,0.01347245,0.00457520,0.00781587,0.00276085,0.00278885,0.02005843,0.01378047,0.00381973,0.01694279,0.01320972,0.00567348,0.02043975,0.01508401,0.00633125,0.00144544,0.00003233,-0.00003274,0.01792892,0.01547719,0.00632201,0.00689697,0.00877102,0.00485258,0.01987651,0.01856418,0.01642743,0.00420152,0.00696924,0.00044153,0.02576466,0.02508833,0.02321075,0.02892816,0.02373218,0.01975113,0.01951222,0.02180523,0.01064632,0.00616011,0.00505074,0.00455314,0.00819528,0.00973978,0.00077054,0.02063240,0.01998773,0.01520051,0.01900205,0.01521578,0.00714350,0.00302136,0.00296389,0.00194974,0.00025319,0.00284745,0.01057414,0.00003610,0.00118189,0.00224465,0.00108132,0.00092907,0.00336921,0.00029582,0.00172721,0.00487182,0.00466631,0.00601351,0.00972922,0.00056997,0.00012752,0.00321640,0.03012039,0.02524531,0.01890785,0.02905324,0.03012242,0.01433945,0.02788766,0.02701686,0.00990342,0.02829399,0.02631328,0.01323863,0.03759533,0.02567624,0.01135931,0.03857593,0.02842789,0.01084917,0.03063268,0.03012861,0.01168474,0.03899692,0.02757320,0.00686572,0.03307915,0.02846770,0.01134457,0.03523069,0.02736627,0.01453183,0.02692530,0.03009970,0.00970767,0.03326975,0.02830277,0.01219483,0.04021053,0.03288014,0.00992349,0.03085237,0.02590366,0.01486346,0.02712497,0.02801143,0.01364944,0.02519465,0.02870164,0.01000267,0.03456660,0.03038535,0.00488719,0.03360809,0.02765226,0.00440436,0.00184534,0.00098050,0.00089668,0.00154905,0.00016735,0.00046802,0.00521006,0.00716046,0.00085404,0.00042956,0.00037073,0.00006583,0.00999157,0.00433462,0.00323844,0.01098245,0.00619217,0.00029083,0.00362315,0.00646311,0.00083678,0.00725850,0.00925562,0.00409487,0.00392066,0.00777224,0.00256815,0.00280746,0.00599190,0.00174434,0.00790672,0.00701327,0.00142528,0.01077250,0.00950199,0.00388395,0.01209570,0.00992943,0.00290027,0.01017875,0.01162167,0.00320380,0.00845489,0.01275120,0.00142426,0.01128648,0.01190435,0.00437852,0.01287115,0.01043227,0.00165283,0.00954834,0.01396331,0.00264826,0.01396533,0.01144456,0.00555627,0.01461954,0.01093943,0.00954388,0.01645033,0.01305011,0.00476431,0.01373643,0.01313783,0.00582488,0.01934861,0.01462504,0.00526900,0.00002383,0.00047313,0.00000175,0.01393563,0.01527145,0.00386499,0.01999217,0.01403361,0.00572057,-0.00003112,0.00079523,0.00480169,0.00060633,0.00009905,0.00385774,-0.00000309,0.00009355,0.00150116,-0.00002168,0.00143482,0.00021801,0.00499628,0.00415962,0.00213145,0.02159101,0.01732285,0.01049459,0.00303406,0.00229821,-0.00003819,0.00149863,0.00091591,0.00111706,0.00435180,0.00300588,0.00074731,0.00988381,0.00795096,0.00282340,0.01515610,0.01247665,0.00563591,0.00780164,0.00601151,0.00163035,0.02789834,0.02243284,0.01143492,0.03300556,0.02362764,0.00638382,0.03757467,0.03468389,0.00321426,0.01543496,0.01188577,0.00302549,0.00897641,0.00813992,0.00665891,0.00640737,0.00686610,0.00311257,0.00276203,0.00514756,0.00201744,0.02108727,0.01507577,0.00741621,0.01350266,0.01183914,0.00831992,-0.00001853,0.00146673,0.00179969,0.00255243,0.00465204,0.00992994,0.00998013,0.01228783,0.00787074,0.02755699,0.03202891,0.01104470,0.03771999,0.02928573,0.01036240,0.02835536,0.02597629,0.00658540,0.03196299,0.02828312,0.01062777,0.03248109,0.02722310,0.01227447,0.03831442,0.02952056,0.00682626,0.02392976,0.02666337,0.00972864,0.03320387,0.02577730,0.01494301,0.03364972,0.02869732,0.00919420,0.03299632,0.02843119,0.01082384,0.02734534,0.02884750,0.01456106,0.02587577,0.02709309,0.01337481,0.02687491,0.02558520,0.01044858,0.02519536,0.02592899,0.01399329,0.00007206,0.00188677,0.00014866,0.00012718,-0.00000204,0.00088857,0.00675921,0.00687908,0.00213805,0.00055202,0.00003359,0.00083257,0.00764342,0.00639235,0.00350742,0.00785779,0.00781110,0.00195096,0.00261531,0.00887696,0.00402909,0.00640893,0.00739833,0.00177311,0.00715272,0.00749586,0.00271606,0.00425409,0.00838166,0.00314395,0.00381231,0.00402853,0.00551347,0.00799873,0.00883836,-0.00000079,0.00958601,0.01140977,0.00320623,0.00969318,0.00826693,0.00897751,0.01204909,0.00873142,0.00653968,0.01152063,0.01187051,0.00453035,0.01385871,0.01385082,0.00552774,0.01431348,0.01065229,0.00622609,0.01276481,0.00977648,0.00039800,0.01735562,0.01457026,0.00226408,0.01821859,0.01327064,0.00513892,0.01871177,0.01447611,0.00695122,0.01714149,0.01514288,0.00472077,0.01382640,0.01172021,0.00508177,0.01724703,0.01418960,0.00513606,0.02006367,0.01392313,0.00720211,0.00131892,-0.00006983,0.00471102,0.00031033,0.00023723,0.00111482,-0.00001822,-0.00003832,0.00002607,0.00022713,0.00119913,0.00056145,0.00472179,0.00340807,0.00124268,0.00643239,0.00867434,0.00140057,0.00115466,0.00019163,0.00027619,0.00185579,0.00038548,0.00255343,0.00004383,0.00062671,-0.00009773,0.00278635,0.00188749,0.00264753,0.00023327,0.00098454,0.00111377,0.00041550,0.00090519,0.00018665,0.00004644,0.00007212,0.00363210,0.00000328,0.00135674,0.00265406,0.00004785,0.00207801,0.00571816,0.01411283,0.01375833,0.00605391,0.02297425,0.01781734,0.00578285,0.02230871,0.01584135,0.00120118,0.01952423,0.01149108,0.00364089,0.02202457,0.01699202,0.01399443,0.00654807,0.00771995,0.00388681,0.00016917,0.00022530,0.00735429,0.00840249,0.00669657,0.00234566,0.01294465,0.01347528,0.00960162,0.03488346,0.02820411,0.01281957,0.03777811,0.02819112,0.01561255,0.03900327,0.02587158,0.00900441,0.03586228,0.03054408,0.00804334,0.03603111,0.02735803,0.01300916,0.03029564,0.02367431,0.01495578,0.04066485,0.02720910,0.01132768,0.03421604,0.02726181,0.01290039,0.03358494,0.02720924,0.01682044,0.02744363,0.02749543,0.01542527,0.03862868,0.02854697,0.01242719,0.03124855,0.02625594,0.01566102,0.03435298,0.02884012,0.01709028,0.02737692,0.02313668,0.01340443,0.00186634,0.00210678,0.00125456,0.00097555,0.00057546,0.00128295,0.00432427,0.00427573,0.00171938,0.00703868,0.00681472,-0.00026656,0.00412152,0.00438461,0.00003797,0.00761124,0.00730597,0.00042188,0.00647005,0.00777856,0.00157084,0.00752149,0.00919862,0.00032580,0.01016592,0.01019770,0.00066748,0.00956625,0.00886784,0.00156225,0.00483018,0.00667693,0.00216956,0.00529413,0.00638558,0.00497600,0.00912370,0.00858765,0.00274229,0.01237733,0.01006739,0.00309545,0.01087806,0.01194442,0.00512488,0.01189416,0.01007247,0.00449950,0.01453559,0.01254952,0.00235085,0.01493200,0.01098071,0.00436546,0.01196862,0.01120123,0.00394586,0.01456765,0.01246213,0.00662554,0.01415160,0.01354942,0.00337552,0.02045757,0.01530511,0.00508273,0.01555611,0.01317792,0.00680262,0.01571692,0.01258477,0.01121746,0.01283204,0.01793941,0.00497079,0.02075724,0.01635025,0.00116195,-0.00000075,0.00182185,0.00014012,-0.00000788,-0.00008234,-0.00002440,0.00010824,0.00031654,0.00015365,-0.00004186,-0.00007548,0.00181289,0.00636142,0.00399631,-0.00026399,0.01186242,0.00837504,0.00508525,0.00005808,0.00027351,0.00009030,-0.00000168,-0.00001263,0.00000125,0.00012564,0.00002752,0.00228340,0.00000119,0.00042386,0.00212700,-0.00001356,0.00065822,0.00024169,0.00077339,0.00071185,0.00179800,-0.00001941,0.00006806,0.00272529,0.00179459,0.00075431,0.00253076,0.00045356,0.00025831,0.00282555,-0.00001545,0.00092144,-0.00014416,0.00008931,0.00002667,0.00329685,0.00039118,0.00025482,0.00067496,-0.00001895,0.00029025,0.00384269,-0.00026200,0.00558408,0.00435125,0.00842100,0.01121808,0.01473297,0.01397856,0.01394625,0.01306217,0.00270881,0.00691498,0.01369580,0.01558665,0.00844520,0.00054533,0.03139547,0.03006964,0.00384122,0.03652469,0.02760545,0.01438862,0.03995039,0.02753602,0.00793258,0.04034069,0.02792295,0.01385044,0.03100353,0.02889655,0.00873621,0.03411885,0.03107357,0.00970368,0.03742798,0.02951073,0.01000810,0.03096754,0.02936482,0.00866971,0.02976037,0.02942304,0.01303811,0.03022033,0.02683542,0.01294199,0.03253686,0.03198490,0.00882164,0.02882587,0.02853009,0.01439733,0.03559084,0.02638801,0.01882082,0.03493896,0.02667763,0.01262129,0.00064670,0.00082624,0.00205352,0.00201526,0.00017487,0.00043966,0.00302587,0.00301739,0.00138274,0.00751102,0.00807016,0.00258963,0.00326913,0.00177338,0.00099308,0.00829615,0.00892094,0.00282067,0.00793290,0.00889552,0.00120204,0.00873889,0.00575797,0.00292925,0.00897875,0.01002856,0.00293965,0.00656490,0.00961567,0.00333165,0.00609656,0.00709694,0.00400806,0.00879112,0.00630123,0.00424701,0.00596720,0.01073659,0.00212349,0.00884937,0.01112382,0.00442946,0.01033915,0.01117970,0.00506792,0.00922768,0.01127575,0.00589508,0.00958566,0.01080036,0.00148474,0.01464657,0.01268509,0.00614714,0.01487353,0.01265148,0.00995958,0.01561373,0.01122421,0.00217575,0.01742275,0.01245667,0.00774841,0.01590884,0.01367598,0.00629821,0.02000348,0.01105800,0.00684908,0.01760668,0.01489111,0.00495504,0.01342181,0.01407991,0.00620486,0.01811961,0.01536191,0.00802429,0.00059364,-0.00003087,0.00289786,0.00004359,0.00015196,0.00058034,-0.00003307,-0.00006706,0.00016035,0.00016573,-0.00011540,0.00247310,0.00381347,0.00387001,0.00250325,0.00397875,0.00689920,0.00343900,0.00004771,0.00029639,0.00014909,0.00062789,0.00009033,0.00026206,0.00057989,-0.00008459,0.00150403,-0.00004000,0.00000613,0.00037624,0.00022110,0.00015616,0.00069524,0.00141657,0.00002855,0.00097354,0.00595562,0.00346549,-0.00009611,0.00607461,0.00262796,0.00272220,0.00460700,0.00340293,0.00095231,-0.00011286,0.00082713,0.00090732,0.00257840,0.00088225,0.00106891,0.00108658,0.00141706,0.00027227,0.00029361,0.00005290,0.00116627,-0.00002854,0.00099485,0.00156268,-0.00004519,0.00106715,0.00345875,0.00000000,0.00119958,0.00868457,-0.00000301,0.00050077,0.00833948,0.00502113,0.00363374,0.00004198,0.04051454,0.02680363,0.01553554,0.02766118,0.02389316,0.01546643,0.03519978,0.02658569,0.01267011,0.03417784,0.03014087,0.01094744,0.03052821,0.02988173,0.00926067,0.03190188,0.02945279,0.00683625,0.03471073,0.02684922,0.01149853,0.02837479,0.02810102,0.01555515,0.03107031,0.02794158,0.00944181,0.03384573,0.02627883,0.01292113,0.03251139,0.02760368,0.01289706,0.02924309,0.02393387,0.01393006,0.02926862,0.02593651,0.01451187,0.02868175,0.02751986,0.01164914,0.00271537,0.00239088,0.00028780,-0.00002465,0.00026116,0.00013530,0.00300627,0.00270643,0.00031142,0.00821234,0.00724427,0.00331857,0.00473302,0.00615313,0.00129043,0.00588532,0.00783903,0.00051996,0.00970067,0.00844738,0.00082832,0.00782196,0.00681103,0.00263170,0.00526450,0.01010821,0.00210424,0.01039120,0.00896655,0.00153524,0.00651604,0.00679098,0.00043853,0.00243627,0.00470665,0.00359313,0.00645173,0.00771798,0.00320933,0.00672149,0.01032092,0.00411895,0.01163527,0.01297241,0.00415526,0.00839069,0.01254243,0.00363204,0.01193217,0.01231929,0.00264529,0.01616157,0.01013827,0.00409927,0.01122810,0.00963456,0.00629863,0.01510616,0.01305546,0.00668389,0.01453109,0.01292164,0.00573096,0.02047346,0.01220848,0.00619245,0.01717197,0.01431342,0.00633085,0.01786418,0.01302826,0.00832201,0.01249380,0.01100400,0.00393746,0.01830194,0.01197682,0.00862704,0.00012020,0.00008048,0.00322928,-0.00000255,0.00037768,0.00177763,0.02391191,0.01630791,0.00765084,0.00978018,0.00801408,0.00052570,0.00446942,0.00332644,0.00136549,0.00639976,0.00551395,0.00240309,0.00192191,-0.00000226,-0.00001923,0.00009046,-0.00001963,0.00260107,0.00132810,0.00016429,0.00187449,0.00065327,0.00029601,0.00096498,0.00053530,0.00027223,0.00102863,0.00001749,0.00008507,0.00287345,0.01257312,0.00627754,0.00237739,0.00800247,0.00420310,0.00001782,0.01199198,0.00442699,-0.00011660,0.01166391,0.00667433,-0.00001431,0.01061772,0.00528907,-0.00003346,0.00967471,0.00458259,0.00048773,0.00131502,0.00373058,-0.00004625,0.00273934,0.00159130,0.00183507,0.00000000,0.00016038,0.00488171,0.00473523,0.00027972,0.00331890,0.03115529,0.02637322,0.01237864,0.03405241,0.02876975,0.01207597,0.03464497,0.02596496,0.01503843,0.02980945,0.02825973,0.00848184,0.03745000,0.02692970,0.01322970,0.03805537,0.02662769,0.00777639,0.03271166,0.02985706,0.01655776,0.03203308,0.02667975,0.00562232,0.02969378,0.02441400,0.01036016,0.02709076,0.02862215,0.01341442,0.03252190,0.02828164,0.01088132,0.02859154,0.02206034,0.02071591,0.03210780,0.02538261,0.01298404,0.02847570,0.02806402,0.01646996,0.02468022,0.02752310,0.00874076,0.02932373,0.02698086,0.01291937,0.00102513,0.00186498,0.00359702,0.00012068,0.00016585,-0.00004951,0.00149493,0.00111551,0.00007154,0.00940938,0.00645300,0.00139956,-0.00001491,0.00075462,0.00039685,0.00749258,0.00860163,0.00427881,0.00571691,0.00736906,0.00022885,0.00584112,0.00796651,0.00596251,0.00813679,0.00761734,0.00632793,0.00774181,0.00897546,0.00344723,0.01407664,0.00825396,0.00204367,0.00638408,0.00432499,0.00335770,0.01217561,0.00763354,0.00217577,0.01068812,0.01273188,0.00214263,0.01460574,0.01058572,0.00472435,0.01153783,0.01186212,0.00512919,0.01126762,0.00994849,0.00242084,0.01139045,0.01184865,0.00526703,0.01469502,0.01003304,0.00579901,0.01708757,0.01349393,0.00241113,0.01167324,0.01377882,0.00286354,0.01702900,0.01400683,0.00612090,0.02606765,0.01838285,0.00253543,0.00325120,0.00588569,0.00021033,0.00776048,0.00519532,0.00008606,0.00978393,0.00543165,0.00000810,0.00045337,0.00083035,0.00150189,0.00087078,0.00000000,0.00114540,0.01763319,0.01735275,0.00338629,0.00041427,0.00107361,0.00476327,0.00156074,0.00208029,0.00062530,0.00501809,0.00441927,-0.00001637,0.00002090,0.00000017,0.00221435,0.00024460,0.00000726,0.00033996,0.00033223,0.00030180,0.00250736,0.00030518,0.00006050,0.00477824,0.00055955,0.00052968,-0.00003853,0.00011639,-0.00002787,0.00004708,0.00714359,0.00494159,0.00000000,0.00714215,0.00431966,-0.00001942,0.00896990,0.00788304,0.00067234,0.01053414,0.00492442,0.00031592,0.01024478,0.00520834,0.00000000,0.00753966,0.00577475,0.00018356,0.00616357,0.00396997,0.00130259,0.00105872,-0.00001306,-0.00001296,0.00357489,0.00344377,0.00086526,0.01140785,0.01019664,0.00002708,0.03130913,0.02377185,0.01513554,0.03176950,0.02701173,0.00862197,0.03092427,0.02854348,0.00618041,0.03375097,0.02749717,0.01214236,0.03387001,0.02723577,0.01472698,0.03532526,0.02717319,0.00916806,0.03263272,0.02744299,0.01382160,0.03664431,0.02701879,0.00904332,0.03064691,0.02609653,0.01081381,0.03029377,0.02693444,0.01088278,0.03429105,0.02620577,0.01033993,0.03448046,0.02410902,0.01873752,0.03640367,0.02438036,0.01509148,0.02963907,0.02222128,0.01206241,0.02760813,0.02680238,0.00966049,0.02386149,0.02087890,0.00699582,0.00160716,0.00193909,0.00224921,0.00020000,0.00005045,0.00001000,0.00342938,0.00036195,0.00041789,0.00518415,0.00485852,0.00247202,0.00208577,-0.00002231,0.00151728,0.00824483,0.00673113,0.00320777,0.00398499,0.00797141,0.00186231,0.00878424,0.00705078,0.00252742,0.01021574,0.00781916,0.00419331,0.00662313,0.00974515,0.00426924,0.00743201,0.01005318,0.00108107,0.00521394,0.00513599,-0.00014090,0.00714673,0.00538746,0.00204308,0.00645691,0.00874977,0.00268574,0.01195159,0.00916091,0.00467573,0.01171611,0.01071593,0.00071410,0.01023995,0.01290672,0.00545376,0.00884834,0.00995972,0.00448534,0.00926365,0.01219885,0.00426148,0.01452223,0.01353457,0.00380517,0.00984711,0.00761711,-0.00001069,0.00878075,0.00902906,0.00032474,0.00823668,0.00411975,0.00030172,0.00945928,0.00555141,0.00015920,0.00752696,0.00346327,0.00000092,0.01162394,0.00843203,0.00000000,0.00108861,-0.00011074,0.00326808,-0.00000333,0.00005868,0.00006509,0.02107345,0.01756004,0.00820103,0.00228655,0.00123960,-0.00000162,0.00293734,0.00196325,-0.00002578,0.00489586,0.00345139,0.00004168,0.00055813,0.00022513,0.00005263,0.00206799,0.00099288,0.00108246,0.00027310,0.00033850,0.00004734,0.00107055,0.00003083,0.00052008,0.00043120,0.00016676,-0.00011514,0.00070510,0.00015480,-0.00002418,0.00968631,0.00381756,0.00022995,0.00850913,0.00674606,0.00000896,0.00724416,0.00366778,-0.00000543,0.01032661,0.00603735,0.00049839,0.00700841,0.00381127,0.00125880,0.00669098,0.00486178,0.00000000,0.00079098,0.00068852,0.00120472,0.00807095,0.00203422,-0.00002782,0.03744549,0.02904618,0.00072501,0.03628175,0.02804109,0.00974514,0.03673711,0.02863839,0.01093852,0.03078006,0.02871308,0.00868773,0.03454942,0.02674174,0.01050404,0.03408412,0.02730843,0.00885327,0.03361284,0.02892736,0.01075773,0.03124768,0.02871960,0.00916261,0.03568530,0.02856720,0.00822904,0.03143147,0.02850343,0.01509823,0.03332471,0.02750813,0.00795650,0.03068500,0.02437613,0.01224157,0.03312306,0.02696391,0.00922592,0.02571054,0.02671802,0.00579502,0.02816249,0.02235128,0.01013144,0.02650126,0.02577212,0.01134301,0.03372779,0.02670445,0.01852434,0.01454515,0.01335973,0.00809433,-0.00007018,0.00012875,0.00011026,0.00072453,0.00004564,0.00017599,0.00055160,0.00175814,0.00000164,0.00895557,0.00721174,0.00004399,0.00386318,0.00336598,0.00032664,0.00514917,0.00575696,0.00335102,0.00918885,0.01107292,0.00054710,0.00753478,0.00847413,0.00075665,0.01057195,0.00966974,0.00249968,0.00637594,0.00955700,0.00339575,0.00926457,0.00763964,0.00541301,0.00831582,0.00617747,0.00274270,0.00413784,0.00423383,-0.00014791,0.00364040,0.00362705,0.00084955,0.00391723,0.00293490,0.00141344,0.00551914,0.00976401,0.00503294,0.01108540,0.01234624,0.00341073,0.01371234,0.01277729,0.00287752,0.01529905,0.01084913,0.00631731,0.01746332,0.01221903,0.00771052,0.01170068,0.00805275,0.00005127,0.01303759,0.00967057,0.00060780,0.01272733,0.00898525,0.00052938,0.01381104,0.01009280,-0.00003102,0.00819047,0.00793696,0.00075395,0.00789641,0.00512139,0.00025198,0.00712308,0.00242063,0.00034978,0.00048555,0.00002206,-0.00002749,0.02045245,0.01728928,0.00614782,0.00587622,0.00381421,0.00167657,0.00216099,0.00235096,0.00230008,0.00065785,0.00099500,0.00265659,0.00468600,0.00457353,0.00089935,0.00351369,0.00541894,0.00617797,0.00207402,0.00304305,0.00393474,0.00034446,0.00081649,0.00054731,-0.00005794,0.00049903,0.00136531,-0.00000841,-0.00000221,0.00156315,0.01810695,0.01343379,-0.00001511,0.01019905,0.00884487,0.00026423,0.00828265,0.00359024,0.00026391,0.00993880,0.00560419,-0.00009271,0.00795835,0.00443119,-0.00001579,0.00615686,0.00482031,-0.00020653,-0.00018687,-0.00000011,0.00006149,0.01933462,0.01362030,0.00044760,0.04621854,0.03391743,0.00235963,0.04328058,0.02910323,0.00139816,0.03433692,0.02763112,0.01431203,0.02782591,0.02819151,0.01308145,0.03305783,0.02817851,0.01019869,0.03015272,0.02539482,0.01691252,0.03543108,0.02783939,0.01310830,0.03591066,0.02946256,0.01218288,0.02929296,0.02493527,0.00831281,0.03969681,0.02616394,0.00977973,0.03348292,0.02844348,0.00918595,0.03245580,0.02755343,0.01076253,0.03010675,0.02609361,0.01162329,0.02448405,0.02741390,0.01482947,0.02765846,0.02856576,0.01133869,0.02946852,0.02432705,0.01028638,0.02980908,0.02411827,0.00717012,0.01342365,0.01442119,0.00124019,0.00064754,0.00003415,0.00357799,0.00010154,0.00018061,0.00088895,-0.00001664,0.00101890,0.00034707,0.00740828,0.00803883,0.00198333,0.00416483,0.00459632,0.00145470,0.01060896,0.00644106,0.00111986,0.00755942,0.00718799,0.00289236,0.00755107,0.00919519,0.00248579,0.00937555,0.00764056,0.00052887,0.00756037,0.00905559,0.00241794,0.00815012,0.00930862,0.00369847,0.01246054,0.00873476,0.00175864,0.00405718,0.00513604,0.00410813,0.01280842,0.00524037,0.00257422,0.00599493,0.00465314,0.00034691,0.00188963,0.00346987,0.00016690,0.01134506,0.01086963,0.00506455,0.02245761,0.01135237,0.00516188,0.01366584,0.01034344,0.00689274,0.01250475,0.01183453,0.00381469,0.00927330,0.00927388,-0.00001708,0.00870139,0.00734011,-0.00007561,0.01334267,0.01084608,0.00000226,0.01713860,0.00985041,0.00102146,0.00629139,0.00359387,-0.00024297,0.00675142,0.00319835,-0.00005584,0.00230940,0.00414639,-0.00003183,0.00042201,0.00089131,0.00019376,0.02141856,0.01501002,0.00430279,0.00735951,0.00543985,0.00046501,0.00239452,0.00363803,0.00252395,0.00076716,0.00055859,0.00129314,0.00611271,0.00189444,0.00152150,0.00460278,0.00188963,0.00022807,0.00175013,0.00193696,0.00000659,0.00050036,0.00006613,0.00069409,0.00091779,0.00169245,0.00148129,0.00104697,0.00001366,0.00170545,0.00998441,0.00582744,0.00128585,0.00949951,0.00525253,0.00002012,0.00624788,0.00726553,0.00047271,0.00865961,0.00383838,0.00108617,0.01096989,0.00519620,0.00000000,0.00487171,0.00384015,0.00000000,-0.00006344,0.00008168,0.00056660,0.01405429,0.00702914,-0.00005530,0.04362471,0.02896650,-0.00010843,0.01879696,0.01682339,0.00190055,0.03819275,0.02488604,0.01087528,0.03017684,0.02641885,0.00820434,0.03240973,0.02433070,0.01425238,0.02858751,0.02644946,0.01440221,0.03518047,0.02572661,0.01181125,0.03493828,0.02629118,0.00869552,0.03617708,0.02742207,0.00943696,0.03197186,0.02533315,0.01104732,0.02321394,0.02741221,0.00914931,0.03113477,0.02652557,0.00977544,0.03374170,0.02775009,0.01176742,0.02734404,0.02462157,0.00967862,0.03482368,0.02426836,0.01142243,0.02701658,0.02460867,0.00865751,0.03049126,0.02222585,0.00450160,0.02175869,0.01240348,0.00354414,0.00013735,0.00062543,0.00094627,-0.00003226,-0.00001060,0.00055058,0.00086432,0.00144394,0.00033419,0.00686726,0.00757429,0.00604250,0.00114680,-0.00001598,0.00084829,0.00498005,0.00671240,0.00001358,0.00660862,0.00761656,0.00486852,0.00815815,0.00703507,0.00166570,0.00740351,0.00759743,0.00564460,0.00610217,0.00856973,0.00171011,0.00857961,0.00813033,0.00527837,0.00877595,0.01026133,0.00382797,0.00853495,0.00635951,0.00516696,0.00502849,0.00509932,0.00053795,0.00589377,0.00907701,0.00647013,0.01119484,0.00915536,0.00672273,0.00043007,0.00770989,0.00033739,0.01064180,0.01259577,0.00337867,0.01336855,0.01173463,0.00227349,0.01396037,0.01271164,0.00347972,0.00997041,0.00479639,0.00039140,0.01582570,0.00852527,0.00000000,0.01300667,0.00918603,0.00074159,0.01369741,0.00940861,-0.00001546,0.00546968,0.00531684,0.00073304,0.00566991,0.00193068,0.00003175,0.00376712,0.00419450,0.00006308,0.00054510,0.00085350,-0.00012847,0.01544369,0.01516337,0.00784287,0.00447740,0.00352522,0.00377806,0.00166528,0.00479339,0.00656741,0.00366793,0.00268869,0.00042902,0.00400984,0.00462622,-0.00005555,0.00478307,0.00164448,0.00079447,0.00220093,0.00066605,0.00082081,0.00124130,0.00067394,0.00073692,0.00144016,0.00003948,0.00022087,-0.00009892,0.00005757,0.00018146,0.00973004,0.00759253,0.00089132,0.00826561,0.00352564,-0.00000554,0.00765219,0.00666775,0.00054008,0.00900080,0.00677157,0.00028078,0.00472003,0.00430725,-0.00007638,0.01015633,0.00760006,0.00000025,0.00017057,0.00115403,-0.00000989,0.02466362,0.01948087,0.00209259,0.03683484,0.02804468,0.00139280,0.02678295,0.01864474,-0.00010098,0.02869246,0.02721840,0.01049116,0.03072869,0.03219986,0.01099434,0.03615857,0.02762270,0.01092777,0.03265379,0.03005755,0.00768727,0.02929821,0.02377261,0.01375676,0.03885981,0.02936084,0.00692462,0.03390587,0.02499828,0.00604897,0.03322199,0.02656024,0.01031447,0.03488009,0.02602272,0.01042834,0.03196502,0.03040799,0.00398621,0.03041123,0.02700329,0.00958754,0.02889342,0.02632874,0.00631025,0.03080280,0.02272318,0.01107924,0.02185385,0.02579627,0.01317469,0.02988827,0.02469279,0.00697644,0.01420458,0.01120022,-0.00007267,0.00026148,0.00077487,0.00031473,0.00003549,0.00044508,0.00009020,0.00176976,0.00035040,0.00082456,0.00763795,0.00910421,0.00266562,0.00317352,0.00277259,0.00054222,0.00789004,0.00722070,-0.00005431,0.00911570,0.00772591,0.00033775,0.00786152,0.00907991,0.00004192,0.00658238,0.01022280,0.00028005,0.01367343,0.00953169,0.00346361,0.00647268,0.00488349,0.00196512,0.01200809,0.01033373,0.00202259,0.00735193,0.00831518,0.00271860,0.00753007,0.00434239,0.00152499,0.00755604,0.00751426,0.00294173,0.01335200,0.01123848,0.00089061,0.00265428,0.00405880,0.00311664,0.01222230,0.01141363,0.00132979,0.01373560,0.01100893,0.00322207,0.01183661,0.01199256,0.00152409,0.01875217,0.01254623,0.00036190,0.00890921,0.00774896,0.00004433,0.01213475,0.00976788,0.00078422,0.01218765,0.00902220,0.00375383,0.00336791,0.00186122,-0.00001256,0.00710235,0.00221607,0.00001976,0.00517972,0.00220943,0.00337666,0.00046343,0.00031492,0.00014655,0.00533917,0.00802401,0.00170398,0.00439921,0.00454205,0.00348015,0.00232694,0.00124901,0.00092461,0.00060168,0.00324119,0.00103050,0.00600530,0.00446954,0.00200294,0.00319858,0.00166253,-0.00017286,0.00213524,0.00097026,0.00021390,0.00102385,0.00016170,0.00211535,0.00089862,0.00046440,0.00172133,0.00005807,0.00004833,0.00034573,0.01027070,0.00663431,0.00008368,0.00863829,0.00674453,-0.00000738,0.01083698,0.00490935,0.00031941,0.03858508,0.03067887,0.00238378,0.01828409,0.01077605,0.00100222,0.03428868,0.02553077,0.00203711,0.00034294,0.00134926,0.00017929,0.04458680,0.02966890,0.00039323,0.01700011,0.01071688,0.00001282,0.03888015,0.02628898,-0.00001257,0.03340599,0.02358339,0.00987504,0.00615657,0.00459641,0.00038167,0.02909561,0.02631431,0.00663989,0.02795288,0.02667222,0.00630988,0.03230631,0.02402413,0.01723276,0.02730031,0.02777469,0.01126753,0.03193265,0.02268427,0.00615264,0.03355632,0.02475810,0.01305438,0.02739329,0.02531170,0.00864277,0.02671887,0.02682963,0.00800411,0.03338797,0.02448532,0.01440396,0.02942294,0.02637873,0.00873845,0.02478804,0.02539738,0.01549333,0.03282466,0.02386001,0.01387199,0.02068176,0.01966949,0.00771878,0.00256578,0.00367054,-0.00010835,0.00021199,0.00031369,0.00121098,0.00002900,-0.00005645,-0.00003827,0.00126063,0.00073902,0.00063825,0.00884062,0.00760708,0.00051169,0.00674703,0.00307391,0.00202017,0.00642672,0.00359388,0.00063736,0.00578240,0.00601457,0.00387747,0.00772774,0.00933405,0.00018802,0.00571370,0.00856858,0.00004708,0.00934485,0.00961005,0.00443063,0.00849344,0.00798914,0.00602040,0.01024274,0.00963266,0.00427883,0.01643538,0.00642969,0.00516706,0.00842023,0.00639081,0.00382013,0.00339880,0.00381864,0.00106571,0.01049616,0.00954915,0.00360414,0.00435222,0.00353517,0.00154849,0.01114593,0.01103854,0.00575523,0.01597837,0.01021919,0.00891729,0.01701298,0.00907737,0.00978426,0.01733487,0.01275225,0.00434519,0.01156746,0.00827522,0.00001346,0.01795724,0.00862909,0.00137371,0.01368879,0.01017072,-0.00018379,0.00516078,0.00415189,0.00072980,0.00587248,0.00361458,0.00010916,0.00624248,0.00402784,0.00023533,-0.00006360,-0.00002078,0.00005814,0.00005692,0.00000272,0.00136214,0.00171180,0.00126526,0.00085406,0.00000000,0.00002168,0.00386575,0.00464053,0.00393839,-0.00011185,0.00399404,0.00322424,0.00044894,0.00313654,0.00217294,0.00014891,0.00106502,0.00109666,0.00030689,0.00004756,0.00134337,0.00226731,-0.00000379,0.00029834,0.00083078,0.00005205,0.00034406,0.00065176,0.00795841,0.00486690,0.00016533,0.01365993,0.01014561,0.00132057,0.01197543,0.00362874,0.00072805,0.01134817,0.00659680,0.00000000,0.01598492,0.00842968,-0.00000814,0.02485240,0.01449566,0.00000034,0.00027160,0.00067825,-0.00002687,0.03177403,0.02097377,0.00001228,0.04125790,0.02738745,0.00140390,0.01738385,0.01756655,0.00231056,0.02842367,0.02448500,0.00852609,0.00186206,0.00167593,0.00179084,0.02655195,0.02600802,0.01047160,0.03508785,0.02888187,0.00861539,0.02916194,0.02712322,0.01251630,0.03317479,0.02659735,0.01308176,0.02655666,0.02609260,0.00924391,0.03388559,0.02581402,0.01153264,0.03354809,0.02319698,0.00992711,0.02628077,0.02799340,0.01336429,0.03054455,0.02578309,0.00707521,0.02836013,0.02411591,0.01179874,0.02737220,0.02256917,0.01230957,0.00687586,0.00303804,0.00346234,0.00074897,0.00069613,0.00394531,0.00020723,0.00105962,0.00129941,0.00228393,0.00011111,-0.00005624,0.00002438,-0.00000402,-0.00000958,0.00036420,0.00060245,0.00012139,0.00622346,0.00370185,0.00098994,0.00357130,0.00781879,0.00039706,0.00110269,0.00211390,0.00054027,0.00553873,0.00618177,0.00239447,0.01313663,0.00760521,0.00203254,0.00712675,0.00918451,0.00259374,0.01241350,0.00786424,0.00406043,0.00712577,0.00944661,0.00073067,0.00443610,0.00760296,0.00218087,0.01175944,0.00970317,0.00326751,0.01082330,0.00848651,0.00583157,0.00595562,0.00339353,0.00291730,0.00631752,0.00543456,0.00436635,0.00378904,0.00552252,0.00252332,0.01138859,0.01146714,0.00268225,0.01107015,0.01200632,0.00171132,0.00367511,0.00549510,0.00236292,0.01190295,0.00965379,0.00000000,0.00661977,0.00302087,-0.00003378,0.01218585,0.00908791,-0.00008352,0.01438371,0.00860751,-0.00000089,0.00780750,0.00381227,0.00071898,0.00415121,0.00172857,-0.00000552,0.00709885,0.00400574,0.00090097,0.00328665,0.00239672,0.00099588,0.00009017,-0.00000922,0.00272312,0.00025749,0.00206047,0.00341427,0.00001294,0.00103498,0.00102076,0.00332520,0.00308101,0.00129579,0.00551866,0.00529847,0.00121018,0.00080583,0.00180757,0.00102949,0.00461552,0.00043410,-0.00004324,0.00010803,0.00019687,-0.00002960,0.00004129,0.00098425,-0.00008805,0.00000253,0.00029724,-0.00005923,0.00974141,0.00410382,0.00066505,0.01385164,0.01262304,0.00000000,0.02770201,0.01906471,0.00155229,0.00626572,0.00511336,-0.00001803,0.05259948,0.03655127,0.00385471,0.01285065,0.00711914,0.00085814,0.00008408,0.00062009,0.00011518,0.03899821,0.02856372,-0.00028415,0.01652310,0.01035949,0.00030519,0.00545151,0.00265038,0.00005552,0.03172215,0.02337979,0.00564840,0.00982816,0.00915996,0.00138865,0.02895992,0.02438167,0.00914186,0.02608655,0.02389722,0.00739081,0.04081576,0.02412461,0.00665830,0.03256175,0.02157073,0.00577812,0.03294955,0.02257953,0.01054737,0.03295124,0.02615884,0.00949868,0.02954306,0.02565812,0.01321166,0.03320735,0.02616488,0.00951946,0.03153212,0.02657796,0.01090463,0.02501452,0.02435201,0.00839639,0.01784562,0.01214571,0.00226166,0.00199810,0.00135412,0.00005450,0.00160284,0.00116197,0.00161858,0.00277130,0.00101864,0.00305246,0.00408975,0.00301491,0.00017108,0.00390916,0.00034015,0.00183397,0.00042202,0.00047288,0.00015623,0.00275898,0.00148773,0.00045717,0.00559451,0.00949907,0.00303950,0.00273430,0.00103736,0.00124242,0.00625368,0.00403466,0.00195296,0.00581857,0.00631730,0.00000770,0.00782080,0.00641826,0.00089303,0.00679096,0.00710213,0.00354721,0.00995547,0.00964411,0.00286160,0.00574919,0.00843213,0.00250466,0.01072097,0.00889761,0.00185392,0.00709345,0.00884519,0.00221738,0.00666502,0.00614137,0.00321466,0.00502941,0.00328984,-0.00016549,0.00322164,0.00331429,0.00087351,0.00285974,0.00236160,0.00316504,0.00235131,0.00281929,0.00118506,0.00321598,0.00450362,0.00007860,0.01716328,0.01219678,0.00314093,0.01703386,0.01616679,0.00103572,0.00935580,0.00743376,0.00013615,0.00858891,0.00430936,0.00000075,0.00434833,0.00227911,0.00004374,0.00433174,0.00202167,-0.00002791,0.00559475,0.00599111,-0.00010800,0.00268448,0.00131482,0.00167143,0.00389390,0.00270760,0.00008607,0.00000000,0.00099563,0.00069521,-0.00015469,0.00029251,0.00105008,0.00146491,0.00163886,0.00029095,0.00796049,0.00731465,0.00314972,0.00221070,0.00031830,0.00184802,0.00534713,0.00293306,-0.00002221,0.00389781,0.00326366,0.00193259,0.00162299,0.00001231,0.00016609,0.00179414,-0.00005128,0.00061172,0.00948085,0.00556133,-0.00000424,0.01634212,0.01232589,0.00071315,0.02260016,0.01367924,-0.00010175,0.00720024,0.00284152,0.00080964,0.02593443,0.02086509,0.00038364,0.03289518,0.02747878,0.00286640,0.00032177,0.00005826,0.00018784,0.04667576,0.03211835,0.00170005,0.00016608,0.00116448,0.00075130,0.00559817,0.00546009,0.00164725,0.02768929,0.02346338,0.00951027,0.03094152,0.02686171,0.01079852,0.02968192,0.02601805,0.00733321,0.02940088,0.02770421,0.01301831,0.02769222,0.02496397,0.01567836,0.02936978,0.02528021,0.01023256,0.02821193,0.02207577,0.00686347,0.02665084,0.02358180,0.00784547,0.00855879,0.00549030,0.00053110,0.02969383,0.02468437,0.00843195,0.03016966,0.02200925,0.00787301,0.02642656,0.02119833,0.00543465,0.00380053,0.00122526,0.00014769,0.00123201,0.00103774,0.00371226,0.00196090,0.00224656,0.00016769,0.00103272,0.00053122,0.00324345,0.00125762,0.00154325,0.00020943,0.00276439,0.00191258,0.00087196,0.00007046,-0.00005210,0.00186651,0.00082514,0.00124276,-0.00002910,0.00764565,0.00888633,0.00217487,-0.00003665,0.00007991,-0.00003910,0.00366509,0.00424004,0.00077947,0.00535470,0.00602156,0.00580186,0.00607482,0.00822260,0.00584536,0.00482924,0.00899758,0.00400737,0.00602710,0.00659736,0.00578345,0.00489369,0.00410982,-0.00007457,0.00543963,0.00735800,0.00432705,0.00971188,0.00950558,0.00304740,0.00705549,0.00729588,0.00044016,0.00383967,0.00239078,0.00029398,0.00425256,0.00383281,-0.00011580,0.00460471,0.00286570,0.00251233,0.00293698,0.00192959,0.00018200,-0.00059970,0.00179038,0.00021735,0.00687956,0.00943472,0.00257495,0.00932743,0.00829926,-0.00002580,0.01611600,0.01174718,0.00227867,0.00772459,0.00694304,0.00317433,0.00552177,0.00308022,-0.00002047,0.00359366,0.00226602,0.00004153,0.00074139,0.00096039,0.00012244,0.00179612,0.00235969,0.00093609,0.00102623,0.00377619,-0.00005960,0.00005182,0.00089622,0.00106934,0.00016012,0.00117930,0.00066438,0.00003938,0.00150477,0.00011831,0.01372120,0.01420277,0.00907141,0.00249542,0.00056828,0.00021674,0.00092157,0.00087496,0.00021945,0.00002910,0.00076018,0.00425890,-0.00002784,0.00007114,0.00054772,0.00045066,0.00003653,0.00155997,0.00770824,0.00404980,0.00210543,0.01659517,0.01006487,-0.00006755,0.01689790,0.01458247,0.00000000,0.02308802,0.01783787,0.00018263,0.01017688,0.00684135,0.00047779,0.05104934,0.03840094,0.00381655,0.00010692,0.00020892,-0.00013888,0.03253312,0.02108449,0.00265374,0.01456599,0.01271240,-0.00003207,0.01305966,0.00920344,0.00069751,0.02840091,0.02376736,0.00920699,0.03088151,0.02562828,0.01301520,0.02868503,0.02528116,0.01262138,0.03078843,0.02626993,0.00791448,0.03227013,0.02530273,0.00778952,0.03170650,0.02471811,0.00714997,0.03228076,0.02645541,0.00729142,0.02751501,0.02641711,0.00899689,0.00580734,0.00384014,0.00169535,0.01280626,0.01504674,0.00554829,0.02546666,0.02514423,0.00877659,0.02699426,0.01989827,0.01210364,0.00047619,0.00104626,-0.00002563,0.00199721,0.00021906,0.00047039,0.00021607,0.00076292,0.00046278,-0.00015333,0.00221421,-0.00000756,0.00286372,0.00206061,0.00252188,-0.00002524,0.00072374,0.00315122,-0.00000562,0.00005063,0.00083917,0.00008386,0.00121218,-0.00007125,0.01140357,0.00776808,0.00218975,0.00350068,0.00308966,0.00108824,0.00319892,0.00223882,0.00114584,0.00518480,0.00371422,0.00010414,0.00700786,0.00823599,0.00255112,0.00848016,0.01021316,0.00207156,0.00225952,0.00274204,0.00312110,0.00360664,0.00207736,0.00014127,0.00661709,0.00668939,0.00027216,0.00086669,0.00456012,0.00127544,0.00165977,0.00263397,0.00041266,0.00431364,0.00301330,-0.00006036,0.00363849,0.00306063,0.00111149,0.00409090,0.00360218,0.00097297,0.00448415,0.00266477,0.00079012,0.00761289,0.00129480,0.00042366,0.00582982,0.00249693,-0.00011784,0.00676348,0.00501913,0.00013874,0.01218042,0.00739758,0.00000239,0.00821550,0.00705528,-0.00002571,0.00853723,0.00505501,0.00000000,0.00523805,0.00445771,-0.00001731,0.00065118,0.00000000,-0.00004283,0.00398881,0.00353102,0.00173602,0.00120964,0.00207327,0.00080877,-0.00011377,-0.00004444,0.00058443,-0.00004663,-0.00010731,-0.00011886,0.00010691,0.00007417,0.00003578,0.00485469,0.00680827,0.00342319,0.00084704,-0.00004116,0.00013285,0.00067244,0.00013750,0.00004011,0.00134283,0.00101904,0.00267908,0.00000256,-0.00000405,0.00015075,0.00004139,0.00014157,0.00012470,0.00668067,0.00523711,0.00125991,0.01293993,0.00858869,-0.00015384,0.01493636,0.01028105,0.00135529,0.02077817,0.01850036,0.00026351,0.00560310,0.00535151,0.00134835,0.03201751,0.02642553,0.00213536,-0.00011076,0.00156902,-0.00002134,0.02171935,0.01776804,-0.00000299,0.03182818,0.02246497,-0.00016723,0.02830661,0.02508403,0.00048910,0.03078900,0.02182214,0.01286143,0.02835155,0.02622300,0.01166423,0.02688075,0.02653659,0.01101171,0.02435472,0.02400419,0.00991161,0.03277888,0.02641895,0.00797297,0.02744877,0.02622277,0.01156689,0.02741993,0.02590060,0.00790880,0.02093051,0.01612045,0.00587076,0.01076640,0.00792096,0.00498070,0.00741708,0.00795818,0.00127294,0.01117767,0.00846446,0.00196133,0.01198069,0.00686222,0.00271295,0.00717457,0.00536134,0.00019493,0.00145414,0.00064943,0.00073257,0.00076201,0.00007525,0.00009361,0.00317300,0.00139819,0.00083596,0.00033199,0.00081457,0.00000466,0.00574933,0.00217825,0.00012960,0.00091725,0.00015411,-0.00028678,-0.00007169,-0.00007578,0.00147980,0.00698494,0.00891030,0.00441868,0.00252405,0.00415395,0.00164944,0.00414592,0.00671444,0.00052878,0.00406289,0.00410907,0.00031345,0.00471674,0.00618464,0.00385350,0.00870452,0.00804924,0.00393601,0.00664530,0.00613971,0.00090861,0.00353911,0.00314718,0.00186929,0.00289647,0.00184401,-0.00021737,0.00563805,0.00166579,0.00299784,0.00156337,0.00193555,-0.00017992,0.00315925,0.00291211,-0.00008900,0.00065950,0.00247303,0.00046620,0.00126384,0.00276390,0.00007034,0.00255185,0.00310671,0.00042824,0.00478445,0.00246064,-0.00000700,0.00367731,0.00256082,0.00247922,0.00924822,0.00550170,-0.00005902,0.01101513,0.00799838,0.00055638,0.01286329,0.00869238,-0.00000662,0.00862514,0.00735631,-0.00007133,0.00330134,0.00270590,0.00048059,0.00270776,0.00011785,0.00141545,0.00276620,0.00218599,0.00068530,0.00028212,0.00039482,0.00088814,0.00193075,-0.00001750,0.00034019,-0.00000126,0.00006121,0.00005368,0.00004863,0.00014581,0.00108658,0.00072305,0.00703076,0.01099337,0.00007658,0.00038506,-0.00000056,0.00026378,0.00059158,0.00020172,-0.00006098,0.00008684,0.00117710,0.00002540,0.00000084,-0.00002721,0.00008310,0.00004595,0.00026751,0.00494984,0.00484090,0.00000176,0.00722639,0.00749013,0.00300284,0.01956828,0.01271221,0.00004427,0.01469182,0.01244854,0.00000068,0.01080669,0.00469821,0.00011834,0.02941173,0.02157631,0.00154454,0.00054197,0.00206328,0.00057545,0.02479915,0.01787467,-0.00005845,0.03924192,0.02667302,0.00303216,0.03144721,0.02226593,-0.00014580,0.01890209,0.01219812,0.00520551,0.01035084,0.00980467,0.00173942,0.00826046,0.00867178,0.00000569,0.01147858,0.00789279,0.00233503,0.01741036,0.00886156,0.00253830,0.01073116,0.00705200,0.00068032,0.01065376,0.00769057,0.00002494,0.01115622,0.00833781,-0.00013851,0.01072429,0.00917288,0.00215717,0.01179907,0.01035914,-0.00014863,0.01211936,0.00668757,0.00332489,0.00971829,0.00855740,0.00043976,0.00750150,0.00483012,0.00085954,0.00620603,0.00485809,0.00012217,0.00036188,0.00071132,0.00001643,0.00054908,-0.00002822,-0.00000030,0.00002297,0.00043002,0.00019508,0.00855164,0.00339849,0.00166835,0.00078322,-0.00005352,-0.00001997,0.00039475,0.00104906,-0.00001363,0.00907788,0.00980263,0.00209875,0.00008250,0.00058132,0.00001403,0.00375448,0.00380628,0.00075062,0.00377398,0.00383749,0.00472637,0.00718734,0.00493952,-0.00002312,0.00333317,0.00319290,0.00052607,0.00526853,0.00495359,-0.00012146,0.00068532,0.00217087,0.00031674,0.00073882,0.00281669,-0.00033743,-0.00011425,0.00303256,0.00027784,0.00225444,0.00217649,0.00341082,0.00365136,0.00286920,-0.00009330,0.00237615,0.00261542,-0.00001360,0.00216598,0.00215112,0.00058497,-0.00002965,0.00051306,0.00174474,0.00422852,0.00183252,-0.00008828,0.00294346,0.00392562,-0.00000113,0.01020155,0.00579822,0.00144639,0.00404949,0.00399002,0.00103339,0.00187816,0.00129959,-0.00003301,0.01033707,0.00895393,-0.00000622,0.00169930,0.00102301,-0.00001007,0.00110325,0.00175856,-0.00000020,0.00082415,0.00012516,0.00003711,-0.00010152,-0.00006240,-0.00005994,0.00002844,0.00013773,0.00026186,0.00021169,0.00002542,0.00001769,0.00030664,0.00004975,-0.00003028,-0.00000560,0.00006807,0.00021247,0.00087285,0.00041794,0.00080673,0.00007818,0.00016758,-0.00004800,0.00060204,0.00014729,0.00019672,0.00008557,0.00020096,0.00000526,0.00074536,-0.00001319,0.00008481,0.00196495,0.00395406,-0.00000566,0.00558218,0.00470360,0.00000175,0.02509062,0.02001595,-0.00003500,0.01304155,0.00877674,0.00000000,0.02339158,0.01759983,-0.00023959,0.01001881,0.00648801,-0.00000549,0.00364014,0.00284985,0.00034610,0.03236423,0.02069346,-0.00001912,0.03281486,0.02935116,0.00000153,0.03167912,0.02379526,0.00080019,0.01263321,0.00826407,0.00005726,0.01247385,0.00834937,0.00202769,0.01139526,0.00907209,0.00138453,0.01425033,0.00859646,0.00349600,0.01266897,0.00869299,0.00101925,0.01584391,0.00780080,0.00095356,0.01078373,0.00681908,0.00248625,0.01145018,0.00624094,0.00390234,0.01228112,0.00737632,-0.00001356,0.01224033,0.00750572,0.00183567,0.01320528,0.00608162,0.00265002,0.01373508,0.00544048,0.00223721,0.01160666,0.00539473,0.00146401,0.00690481,0.00670328,0.00192075,0.01116682,0.00551690,0.00020709,0.00113045,0.00088699,0.00082802,0.00004950,0.00009450,0.00000000,0.00039589,-0.00000092,0.00000008,0.00092542,0.00058126,0.00051307,0.00151212,0.00026315,0.00023700,0.00711756,0.00795298,0.00174200,0.00149101,0.00031575,-0.00004817,0.00506491,0.00666138,0.00311651,0.00483761,0.00358507,0.00411829,0.00467823,0.00207705,0.00209742,0.00347256,0.00242746,0.00226760,0.00172332,0.00151065,0.00059898,0.00016513,0.00204052,0.00276640,0.00363956,0.00208778,0.00132891,0.00230595,0.00149597,0.00057909,0.00277264,0.00202071,0.00120906,0.00269171,0.00178717,0.00000860,0.00624214,0.00253508,0.00027364,0.00005263,-0.00008807,0.00108883,0.00368079,0.00190112,-0.00000435,0.00289519,0.00221122,0.00050496,0.00200505,0.00190875,0.00080310,0.00904318,0.00587744,-0.00006555,0.00937981,0.00798100,0.00001645,0.00519268,0.00364800,0.00003485,0.00790229,0.00653845,0.00016006,0.00028243,0.00133123,0.00061544,-0.00002615,-0.00004443,-0.00001289,0.00006774,0.00037549,-0.00000159,-0.00003825,-0.00001888,-0.00000263,0.00013198,0.00015053,0.00000606,-0.00002206,0.00023142,0.00016956,-0.00003172,0.00067163,0.00017007,0.00014827,-0.00001114,0.00220038,0.00097027,0.00001943,0.00057200,0.00089010,0.00036785,0.00201050,-0.00017117,0.00010581,-0.00000456,0.00749519,0.00364554,0.00003479,0.00012155,-0.00000580,-0.00000980,0.00308973,0.00396606,0.00000000,0.01026338,0.00313475,-0.00005880,0.02416276,0.01630074,-0.00000338,0.01697585,0.01276774,0.00000000,0.01595574,0.01064563,-0.00000313,0.01573085,0.01074737,0.00001001,0.01040982,0.00792906,0.00028476,0.03330861,0.02289773,-0.00001703,0.04238497,0.02938951,-0.00031451,0.03850446,0.02698748,-0.00007897,0.01441186,0.00778506,-0.00027503,0.01572444,0.00778538,0.00018960,0.01198300,0.00715636,0.00314383,0.01293457,0.00825139,0.00063456,0.01355229,0.00934769,0.00148597,0.01306010,0.00693738,0.00038549,0.01408275,0.00924637,0.00305496,0.01121398,0.00724693,0.00142734,0.01239712,0.00704823,0.00037586,0.01238735,0.00694123,0.00187301,0.01256983,0.00813143,0.00113221,0.00601651,0.00506305,0.00189444,0.00796096,0.00725631,0.00118061,0.00964181,0.00580882,0.00045037,0.00721444,0.00404248,-0.00002003,0.00531005,0.00424643,0.00034620,0.00203523,0.00021366,0.00039312,0.00119199,0.00014530,0.00026957,0.00273197,0.00008629,0.00027886,0.00104929,0.00044333,0.00043221,0.00485103,0.00544022,0.00280086,0.01082977,0.00424175,0.00317450,0.00677647,0.00780317,0.00016733,0.00448917,0.00309238,0.00009547,0.00196490,0.00282414,0.00079456,0.00200995,0.00178775,0.00126032,0.00076695,0.00204259,0.00004739,0.00281241,0.00116411,0.00024991,0.00286562,0.00149694,0.00088516,0.00218562,0.00169582,0.00028721,0.00206402,0.00069772,0.00001558,0.00129248,0.00139810,-0.00005159,0.00271116,0.00117096,0.00042031,0.00293998,0.00162222,0.00119349,0.00059092,0.00016922,0.00061619,0.00045493,0.00079954,0.00008639,0.00409981,0.00122177,0.00009145,0.01165828,0.00753689,0.00099279,0.00923789,0.00921088,0.00007177,0.00741475,0.00549579,-0.00017641,0.00462741,0.00342826,-0.00000345,0.00160304,0.00065929,-0.00002694,0.00223897,0.00009355,0.00012317,0.00041624,-0.00003203,0.00025716,-0.00003275,-0.00000551,0.00102411,0.00046505,0.00049375,0.00038032,0.00221478,0.00087969,0.00153497,0.00063025,0.00010263,0.00040068,0.00080174,0.00017275,0.00128680,0.00051989,0.00031322,0.00008207,0.00037447,0.00097047,0.00057900,0.00071635,0.00024864,0.00006137,0.00091202,0.00108564,0.00010094,0.00165414,0.00002910,0.00003574,0.00456652,0.00284470,0.00000000,0.01817426,0.00951165,0.00011288,0.01887571,0.01479190,-0.00007944,0.02523518,0.01405878,-0.00006495,0.01359607,0.00906942,0.00027203,0.02339211,0.01919843,0.00079773,0.01302588,0.00646177,-0.00014032,0.03718064,0.02399226,-0.00003859,0.03708621,0.02743349,0.00151247,0.02833152,0.02187310,-0.00006759,0.01390913,0.00741823,0.00253867,0.01714727,0.00947540,0.00036794,0.01482609,0.00518830,0.00268042,0.01196295,0.00814334,0.00034487,0.01630595,0.00750461,0.00171683,0.01086539,0.00752198,0.00344342,0.01646515,0.00845024,0.00121867,0.01207023,0.00697371,0.00148219,0.00896972,0.00599694,0.00310415,0.01147064,0.00857092,0.00198625,0.00911945,0.00809726,-0.00010624,0.00672237,0.00822862,0.00079114,0.00767692,0.00726082,0.00101075,0.00884498,0.00417112,0.00002269,0.00903161,0.00472541,0.00060143,0.00851178,0.00445865,-0.00009275,0.00874670,0.00328891,-0.00000618,0.00175852,0.00135564,-0.00000810,0.00211540,0.00010255,0.00022613,0.00030516,0.00078542,0.00018452,0.00396802,0.00252577,0.00014017,0.00470754,0.00770601,0.00259156,0.00282897,0.00426437,-0.00000805,0.00384767,0.00363348,0.00134211,0.00422862,0.00188536,0.00061279,0.00182744,0.00073319,-0.00012025,0.00150507,0.00173664,0.00139625,0.00043760,0.00198521,0.00167549,0.00159082,0.00200130,0.00003330,0.00100695,0.00142511,0.00117050,0.00191537,0.00059909,0.00005505,0.00098404,0.00121904,-0.00007405,0.00061309,0.00072651,0.00198351,-0.00015684,0.00075502,0.00023960,0.00152591,0.00151686,0.00168925,0.00289694,0.00133727,-0.00008132,0.00570273,0.00028416,0.00009817,0.00870914,0.00914036,0.00060479,0.01023113,0.00766247,0.00000000,0.00139759,0.00330785,-0.00008555,0.00634511,0.00301838,0.00026578,0.00578333,0.00320582,0.00103511,0.00026963,0.00016978,0.00000014,0.00005555,0.00007648,-0.00002392,0.00000047,-0.00000994,0.00047323,0.00045163,-0.00006377,0.00069225,0.00017218,0.00059527,0.00067653,0.00036270,-0.00005213,0.00216158,0.00044893,0.00030518,0.00028508,0.00266378,-0.00000580,0.00132931,0.00222344,0.00061799,0.00079709,-0.00005627,0.00000017,0.00145488,0.00803212,0.00372364,0.00011991,-0.00000998,0.00056968,0.00030974,0.00190785,0.00292793,0.00122189,0.00740191,0.00517830,0.00003066,0.01337113,0.01011717,0.00006017,0.02429785,0.01603187,0.00003804,0.01189835,0.00947213,-0.00003400,0.01417870,0.01204228,-0.00006827,0.00372604,0.00276287,0.00045026,0.03181045,0.02112960,0.00159799,0.03349825,0.02488962,0.00000760,0.02630402,0.02195315,-0.00001883,0.00947471,0.00687469,0.00267053,0.01206291,0.00672366,0.00227534,0.01174604,0.00761881,0.00202823,0.01491138,0.00872146,0.00028487,0.01028714,0.00772961,0.00121074,0.01330150,0.00712484,0.00301485,0.00876272,0.00665503,0.00109182,0.01691096,0.00601695,-0.00018715,0.00813478,0.00771458,0.00053610,0.01413974,0.00775886,0.00190941,0.00992341,0.00844566,0.00086887,0.01025053,0.00756201,0.00065672,0.01588384,0.00548078,0.00286386,0.01453361,0.00432073,0.00054018,0.01077507,0.00334844,0.00183681,0.00962737,0.00347157,0.00092737,0.00613220,0.00576731,0.00102708,0.01027764,0.00297286,0.00168797,0.00051140,-0.00010213,-0.00001013,0.00136253,0.00018453,0.00009698,0.00260270,0.00094357,0.00078293,0.00389834,0.00546968,0.00076214,0.00298637,0.00328679,0.00050710,0.00300123,0.00326776,0.00019423,0.00083345,0.00176389,0.00012909,0.00127538,0.00072826,0.00078289,0.00099668,0.00073168,0.00101318,0.00035279,0.00091935,0.00000622,0.00070342,0.00051976,0.00005500,0.00211562,0.00043735,0.00039678,0.00105408,0.00126307,0.00025814,0.00077079,0.00085416,-0.00007540,0.00213832,0.00082483,-0.00005016,0.00280322,0.00123013,0.00015686,0.00182645,0.00050365,0.00057625,0.00222677,0.00137775,0.00004326,0.00238842,0.00188734,-0.00002896,0.01294120,0.00907769,0.00108574,0.00948839,0.00688012,-0.00010303,0.00289811,0.00225497,0.00002380,0.00645698,0.00481019,0.00046060,-0.00014119,0.00173392,0.00028948,0.00067774,-0.00001364,0.00097653,0.00020033,0.00035838,0.00112532,0.00084784,-0.00000494,-0.00000834,0.00143629,0.00048220,0.00032790,0.00044000,0.00080328,0.00088671,-0.00011401,0.00032114,0.00022353,0.00017058,0.00000967,0.00154181,0.00104220,0.00002269,0.00000329,-0.00012376,0.00021671,0.00032349,0.00027897,0.00042693,0.00058208,-0.00004316,0.00002352,0.00004062,0.00078726,0.00000373,0.00145129,0.00396251,0.00233959,0.00017159,0.00938098,0.00481942,0.00006552,0.01175702,0.00811686,0.00092383,0.02088904,0.01769574,-0.00003185,0.02824540,0.02058885,-0.00001516,0.02101165,0.01674160,-0.00011433,0.00015366,0.00058195,0.00007928,0.03293237,0.02128528,-0.00019695,0.02885618,0.02314880,0.00105997,0.02603785,0.01735670,0.00094808,0.01469157,0.00492560,0.00418927,0.00988330,0.00541509,0.00097354,0.01277541,0.00612083,0.00209879,0.01096509,0.00666350,0.00273960,0.01152263,0.00718782,0.00168665,0.01186017,0.00516109,0.00231866,0.01243805,0.00708153,0.00268668,0.01301494,0.00768131,0.00216769,0.00984184,0.00630555,-0.00039476,0.01113781,0.00628678,-0.00009948,0.01167226,0.00839960,0.00193060,0.01099026,0.00489209,0.00340793,0.01072134,0.00778346,0.00029233,0.00903557,0.00686562,0.00096851,0.00785570,0.00555648,0.00220709,0.01210952,0.00533902,0.00276913,0.00830620,0.00452533,0.00021263,0.00818706,0.00304145,0.00051704,0.00108853,0.00097702,0.00080686,0.00052412,0.00120641,0.00075330,0.00084146,0.00107001,0.00002797,0.00387816,0.00401804,0.00255029,0.00117707,0.00177506,0.00012904,0.00062922,0.00206978,0.00105643,0.00306333,0.00031461,0.00010112,0.00011967,0.00138303,0.00003602,0.00296998,0.00111905,0.00020449,0.00105202,0.00064476,0.00064350,0.00203001,0.00001560,0.00025356,0.00031555,0.00033510,-0.00009045,0.00061126,0.00082579,0.00152506,0.00082932,0.00063512,-0.00012361,0.00297034,-0.00000392,-0.00002244,0.00188384,0.00076784,0.00000034,0.00293637,0.00135914,0.00007302,0.00256945,0.00150006,-0.00007436,0.00211921,0.00027660,0.00038310,0.00349437,0.00114697,0.00116974,0.00791790,0.00469619,0.00108959,0.00591714,0.00807014,0.00122245,0.00849563,0.00498697,-0.00012228,0.01154822,0.01157067,-0.00028895,0.00106596,0.00008669,0.00338198,-0.00009581,0.00011898,0.00118960,0.00000000,0.00000000,-0.00012142,0.00191161,-0.00003195,0.00023395,0.00000257,0.00005062,0.00008434,-0.00005322,0.00049645,0.00008652,-0.00020541,0.00011842,0.00009283,0.00020206,0.00031471,0.00055525,0.00017783,0.00025551,0.00006137,0.00021869,0.00095904,-0.00019891,0.00013248,0.00034565,0.00017358,-0.00000566,-0.00000734,0.00252394,0.00431316,0.00291230,0.00011269,0.00914022,0.00575414,-0.00000632,0.01670024,0.00992333,0.00000000,0.01541066,0.00911043,-0.00006098,0.02782676,0.01916206,-0.00022582,0.03487578,0.02350679,0.00000000,0.00067527,0.00102126,-0.00017089,0.02091760,0.01648498,0.00096191,0.03410427,0.02524716,-0.00020719,0.01595746,0.01135407,0.00194269,0.01251231,0.00623856,0.00129748,0.00962901,0.00583901,0.00107986,0.00824463,0.00747572,0.00015411,0.01341919,0.00636828,0.00031377,0.01287087,0.00769814,0.00257807,0.00977419,0.00632851,0.00163256,0.00898786,0.00454804,0.00007589,0.01397004,0.00765673,0.00149191,0.01075482,0.00784367,0.00254934,0.01119569,0.00762719,0.00025464,0.01013304,0.00596961,-0.00037038,0.01177496,0.00673527,0.00000989,0.01194753,0.00746002,0.00054685,0.01091682,0.00564557,0.00112576,0.00693474,0.00592713,0.00000000,0.00888725,0.00454822,0.00061678,0.01027980,0.00503204,0.00147780,0.00991852,0.00364042,0.00039846,0.00017380,0.00020443,-0.00002192,0.00004374,0.00005545,0.00037268,0.00557811,0.00109052,-0.00006399,0.01456521,0.01109875,0.01112289,0.00309955,0.00255920,-0.00006155,0.00246428,0.00231968,0.00221420,0.00512765,0.00341649,0.00114541,0.00305934,0.00231268,0.00038203,0.00238755,0.00115552,0.00013418,0.00206603,0.00017671,0.00017867,0.00286081,0.00077766,0.00080285,0.00026411,0.00051532,0.00020217,0.00283606,-0.00008387,0.00133959,0.00387428,0.00059581,-0.00001637,0.00451604,0.00211807,0.00095652,0.00513449,0.00114315,0.00000026,0.00104579,0.00105648,0.00030709,0.00219973,0.00102006,0.00005960,0.00110568,0.00012013,0.00301642,0.00035300,0.00103277,0.00191028,0.00002122,0.00003895,0.00037067,0.00464073,0.00736431,0.00304170,0.00588192,0.00657637,0.00000102,0.01840620,0.01139750,0.00345673,0.01528254,0.01254996,-0.00006073,0.00143257,0.00043254,0.00067889,-0.00002715,-0.00008706,0.00030180,0.00063767,0.00141984,0.00005511,0.00041504,0.00128527,0.00025792,0.00126517,0.00085741,0.00161895,0.00162167,-0.00007309,-0.00003568,0.00022589,0.00031859,0.00047832,0.00002573,0.00009650,-0.00000366,0.00039782,0.00154340,0.00018596,-0.00011292,-0.00001429,0.00051810,-0.00003743,0.00010154,0.00027353,0.00508945,0.00407005,-0.00005539,0.00655310,0.00805553,-0.00003055,0.01507348,0.00921882,0.00164281,0.01461936,0.01139136,0.00206082,0.02360993,0.01235204,-0.00006710,0.02764399,0.01714445,-0.00000548,0.00039665,0.00139859,-0.00014307,0.02415470,0.02060989,0.00180203,0.02409785,0.02105876,-0.00003298,0.00863426,0.00611309,0.00151381,0.01424772,0.00688222,0.00025692,0.01478850,0.00751562,0.00258879,0.00782911,0.00440724,0.00092615,0.01209780,0.00669114,0.00077975,0.01283314,0.00653195,-0.00026692,0.01368918,0.00535674,0.00160955,0.01332315,0.01044445,0.00048816,0.01296759,0.00532272,0.00081034,0.01070988,0.00581362,0.00077251,0.01060606,0.00746546,0.00194468,0.01333502,0.00479510,0.00295897,0.01188425,0.00805874,0.00102102,0.00869353,0.00712806,0.00209899,0.00782517,0.00508527,0.00038620,0.01281176,0.00490730,0.00002119,0.00891377,0.00525153,0.00160989,0.00826237,0.00442807,0.00002333,0.00717166,0.00317101,0.00050034,0.00108804,0.00024884,0.00019896,0.00239528,0.00181746,0.00073252,0.01652557,0.01649160,0.02748550,0.00631047,0.00955105,0.00612711,0.00663561,0.00095357,0.00063120,0.00245562,0.00215297,0.00079148,0.00177956,0.00244741,-0.00013607,0.00330200,0.00166872,-0.00008859,0.00351447,0.00239295,0.00052330,0.00375779,0.00067748,0.00081240,0.00299068,0.00173609,0.00059012,0.00093755,0.00222846,0.00011580,0.00202682,0.00095892,0.00107393,0.00212984,-0.00004978,0.00078189,0.00300984,0.00030465,0.00098404,0.00638000,0.00058999,-0.00008076,0.00174243,0.00072976,0.00019005,0.00307717,0.00117527,0.00096035,0.00047159,0.00223259,0.00061369,0.00000074,0.00019570,-0.00001801,0.00116641,0.00038117,0.00004464,0.00124812,0.00193926,0.00033391,0.00106911,0.00160409,0.00044898,0.00823005,0.00780176,0.00033970,0.00034970,0.00087581,0.00056747,0.00038087,0.00067693,0.00017878,0.00012059,0.00085348,0.00009484,0.00159756,-0.00002579,0.00049587,0.00026690,0.00029854,0.00011115,0.00193254,-0.00001472,0.00083207,0.00044349,0.00064875,0.00027880,0.00180772,0.00038058,-0.00000227,-0.00009163,-0.00006329,0.00163140,0.00129389,0.00025865,0.00029917,0.00004647,0.00079126,0.00097882,0.00028143,0.00019310,0.00076334,0.00629647,0.00323464,-0.00002049,0.00822686,0.00580746,0.00005691,0.01597274,0.01104502,-0.00001095,0.01290504,0.01278715,0.00018265,0.02337919,0.01587555,0.00010041,0.02181505,0.01566437,0.00312045,0.00343418,0.00068617,0.00027653,0.02654937,0.01762209,-0.00010600,0.02997245,0.02001585,0.00274574,0.01272442,0.00738903,0.00106908,0.01005959,0.00634203,0.00310153,0.01063194,0.00680689,0.00000547,0.01100484,0.00824745,0.00025362,0.01003404,0.00802632,0.00275819,0.00892779,0.00752353,0.00065037,0.01026532,0.00759938,0.00195038,0.01328712,0.00674392,0.00062117,0.00919672,0.00573607,0.00089606,0.01119961,0.00868917,0.00014237,0.01263943,0.00793822,-0.00021977,0.01207125,0.00712474,0.00040730,0.00926856,0.00708105,0.00285866,0.01103839,0.00549400,0.00335814,0.01087777,0.00511466,0.00160032,0.01102596,0.00647845,0.00112720,0.01139654,0.00632496,0.00233376,0.01023587,0.00287862,0.00115567,0.00879748,0.00332511,0.00059156,0.00136700,0.00170297,0.00001530,-0.00026337,0.00131144,-0.00026564,0.01707803,0.01394765,0.01507541,0.00461671,0.00969091,0.00745219,0.00083200,0.00251536,0.00061863,0.00300238,0.00210310,0.00001834,0.00107919,0.00065864,0.00046098,0.00236575,0.00145361,-0.00007855,0.00593860,0.00296836,0.00225564,0.00467407,0.00179638,0.00252709,0.00362078,0.00178067,0.00035715,-0.00006667,0.00191545,-0.00004770,0.00156230,0.00001490,0.00302023,0.00346190,0.00000532,0.00285701,0.00193250,0.00042423,-0.00005196,0.00175684,0.00097661,0.00000085,0.00532580,0.00186033,0.00041682,0.00175411,0.00107494,0.00173755,-0.00009158,0.00171740,0.00719381,0.00480508,0.00296509,0.00231153,0.00559214,0.00470750,0.00410822,0.00886436,0.01045402,0.01036107,0.01046021,0.00774927,0.00711472,0.00256053,0.00555415,0.00566379,-0.00003031,0.00005596,0.00001391,0.00212823,0.00265149,0.00187588,-0.00002767,-0.00000503,-0.00001445,-0.00005978,0.00071784,0.00021424,0.00029279,0.00035597,0.00162228,0.00005996,-0.00002743,0.00107969,0.00001189,0.00039294,0.00015850,-0.00000413,0.00054125,0.00073709,0.00011907,0.00017881,0.00028516,0.00136323,0.00081797,0.00034951,0.00049750,0.00065788,0.00006915,0.00012091,-0.00002921,-0.00001137,0.00775705,0.00401840,0.00050931,0.00650610,0.00438203,0.00097882,0.01617286,0.01101231,-0.00004357,0.01630384,0.01106497,0.00116033,0.01725436,0.01189610,-0.00002532,0.02466432,0.02228557,-0.00008217,0.00272401,0.00056080,0.00069223,0.02365826,0.01891041,0.00216242,0.03324182,0.02325195,0.00022385,0.00884828,0.00609540,0.00379984,0.01030658,0.00359581,0.00037842,0.01190972,0.00826461,0.00083131,0.01296780,0.00662281,0.00178745,0.01374377,0.00559360,0.00042238,0.01139551,0.00723234,0.00170500,0.00933066,0.00784655,-0.00005306,0.01167537,0.00593781,0.00223003,0.01234853,0.00552719,-0.00034113,0.01165914,0.00685943,0.00329591,0.00844920,0.00582011,0.00026529,0.01460657,0.00732183,0.00164817,0.01173421,0.00744288,0.00235054,0.00781934,0.00631327,0.00111792,0.01467801,0.00576922,0.00084053,0.00835133,0.00569006,0.00232568,0.00940182,0.00438752,0.00226711,0.01092274,0.00463391,0.00102097,0.00788267,0.00360357,0.00188756,0.00122346,0.00204871,0.00094934,0.00357625,0.00153693,-0.00003559,0.00314877,0.01075190,0.00957787,0.02196815,0.02265070,0.01588085,0.00087262,0.00135100,0.00004487,0.00167327,0.00109296,-0.00007697,0.00235134,0.00250759,0.00043225,0.00417418,0.00199686,0.00192192,0.00378878,0.00171416,0.00039560,0.00381492,0.00215029,0.00002179,0.00609586,0.00185691,0.00006621,0.00449345,0.00181567,0.00299743,0.00287410,0.00108611,-0.00003371,0.00363776,0.00196737,0.00017139,0.00327185,0.00137545,0.00065111,0.00084743,0.00080728,0.00010309,0.00279078,0.00199251,-0.00004645,0.00071188,0.00108555,0.00051619,-0.00002080,0.00066896,0.00054007,0.00057172,-0.00006980,0.00246877,-0.00002829,0.00056345,0.00178026,0.01524715,0.01251365,0.01389674,0.01059635,0.01541574,0.01272854,0.01093373,0.01226289,0.01471375,-0.00002157,-0.00007683,0.00000204,0.00375205,0.00550137,0.00141776,0.00157048,0.00093055,-0.00003414,-0.00003336,-0.00002355,0.00054399,0.00000662,0.00052156,0.00002503,0.00136642,0.00063711,0.00016851,-0.00007810,0.00085959,-0.00001190,0.00024412,0.00027758,0.00165056,0.00119661,0.00186063,0.00002187,0.00015181,0.00104726,0.00006630,0.00230745,0.00214948,0.00002950,0.00005338,0.00007321,0.00018166,0.00639096,0.00465547,-0.00003996,0.00745781,0.00414396,-0.00002478,0.00939338,0.00795914,0.00036754,0.02501779,0.01739892,0.00000463,0.02227411,0.01707173,-0.00005729,0.02710175,0.01937094,0.00177282,0.01253234,0.01466743,-0.00004020,0.02519047,0.01428498,0.00030979,0.02587689,0.01619013,-0.00024294,0.00953398,0.00570469,0.00157118,0.01069724,0.00748609,0.00091901,0.01145484,0.00784098,-0.00001211,0.00904133,0.00775897,0.00033631,0.01315925,0.00692321,-0.00002186,0.01251228,0.00719222,0.00149868,0.01125963,0.00613313,-0.00009394,0.01122020,0.00720829,0.00145786,0.00937818,0.00594440,0.00142650,0.00950864,0.00615077,0.00163661,0.00970037,0.00772713,-0.00023339,0.01460188,0.00607718,0.00005997,0.01088096,0.00854448,0.00062709,0.01083010,0.00687800,-0.00009799,0.01056018,0.00674752,0.00255257,0.00925672,0.00720458,0.00031338,0.01020625,0.00513802,0.00121939,0.00703398,0.00459574,0.00105884,0.00700111,0.00337667,0.00023317,0.00479673,0.00302243,0.00166483,0.00024190,0.00172786,-0.00010733,-0.00029964,0.00183525,0.00030766,0.02212511,0.01901899,0.01855824,0.00381164,0.00221917,0.00020491,0.00066872,0.00112861,0.00046824,0.00401814,0.00182770,-0.00001844,0.00282324,0.00262650,0.00126006,0.00314924,0.00308743,0.00040799,0.00534277,0.00258738,0.00170615,0.00580060,0.00246785,0.00133560,0.00289651,0.00353410,0.00065954,0.00331848,0.00443594,0.00019996,0.00068162,0.00002994,0.00320320,0.00047883,0.00114188,-0.00004011,0.00362245,0.00092573,0.00004036,0.00234397,0.00028938,0.00034279,0.00304003,0.00059279,0.00079243,0.00177958,0.00005804,0.00026484,0.00155572,0.00015388,0.00240581,0.00036878,0.00047934,0.00137235,0.00001369,-0.00001423,0.00086727,0.00233278,0.00015713,0.00088174,0.00673741,0.00825039,0.00506486,0.00707596,0.00788393,0.00509943,0.00957952,0.00398281,0.00312287,0.00076627,0.00076653,0.00070974,0.00125298,0.00050664,0.00083097,0.00000205,-0.00002144,0.00095551,0.00107266,0.00029320,0.00146548,0.00032567,0.00002832,0.00076627,-0.00003112,-0.00013588,0.00048002,0.00042728,0.00009258,0.00188635,0.00090664,0.00030934,0.00010056,-0.00002241,-0.00002376,-0.00005251,0.00174537,0.00004162,0.00038053,0.00866475,0.00420840,0.00020186,0.00742187,0.00391941,0.00084269,0.00931973,0.00498516,0.00034277,0.01343244,0.00893220,-0.00010254,0.02096781,0.01752566,0.00069513,0.02471068,0.01998476,0.00000025,0.02782797,0.02518586,0.00252744,0.02446194,0.01720231,0.00002970,0.00972433,0.00393799,0.00432385,0.01371163,0.00576210,0.00254028,0.01068120,0.00584233,0.00262901,0.01013657,0.00796905,0.00023669,0.00966033,0.00624330,0.00107027,0.01108070,0.00549627,0.00137054,0.00847846,0.00651475,0.00352982,0.01246680,0.00614653,0.00159860,0.00949283,0.00787084,0.00200875,0.01396956,0.00420207,0.00195222,0.01355468,0.00394766,0.00373614,0.00972271,0.00816437,-0.00018090,0.01457536,0.00845761,0.00150187,0.01308727,0.00378153,0.00021241,0.01143976,0.00682785,0.00120221,0.00760348,0.00585558,-0.00021872,0.01222097,0.00665926,0.00053798,0.01060314,0.00715214,-0.00002268,0.01256802,0.00493527,0.00032438,0.01311387,0.00517419,-0.00015368,0.01236372,0.01206804,0.00861528,0.00141975,0.00056340,0.00026363,0.00019395,0.00155703,-0.00010412,0.01563662,0.01788248,0.02113740,0.00161374,0.00207297,0.00040446,0.00603395,0.01317771,0.00573828,0.01398238,0.01414082,0.01727489,0.01728699,0.01650501,0.01302654,0.01470517,0.00898412,0.01704213,0.00152418,0.00285487,0.00067259,0.00072304,0.00303814,-0.00006356,0.00531522,0.00187209,0.00140390,0.00469814,0.00221253,0.00094512,0.00492013,0.00268854,0.00008191,-0.00024094,0.00141933,0.00055632,0.00098453,0.00135319,0.00012957,0.00050883,0.00076976,-0.00010684,0.00014520,0.00129360,0.00208679,-0.00006726,-0.00003822,0.00005726,-0.00002496,0.00041532,0.00031758,0.00207042,-0.00000277,0.00000789,-0.00006607,0.00023057,0.00269701,-0.00004172,0.00017141,0.00111733,0.00000000,-0.00001913,0.00222714,0.00000944,-0.00001555,0.00030933,0.00107734,0.00017074,0.00258534,0.00000000,-0.00001107,0.00038069,0.00062114,0.00008770,0.00018556,-0.00022251,-0.00005282,0.00022023,-0.00008390,0.00025895,0.00034034,0.00074823,-0.00001830,0.00038557,0.00081376,-0.00000574,0.00014499,0.00025416,-0.00007530,0.00172663,0.00205108,0.00162248,0.00185061,0.00010411,0.00027138,-0.00010036,0.00000000,-0.00000662,0.00045373,0.00830121,0.00461521,0.00000000,0.00747870,0.00288951,0.00047787,0.00480680,0.00505868,0.00051988,0.01035482,0.00634741,-0.00003825,0.01340465,0.01134584,-0.00011888,0.02542395,0.02051361,0.00147409,0.02888791,0.02370541,0.00071597,0.03764833,0.02759516,0.00127526,0.00661962,0.00687695,0.00113722,0.01082503,0.00479494,0.00269798,0.00702976,0.00756425,0.00080718,0.00940392,0.00653892,0.00082304,0.01018732,0.00598709,0.00010915,0.01232350,0.00635551,0.00095582,0.00981143,0.00845198,0.00025839,0.00944543,0.00749845,0.00165400,0.00978659,0.00557845,0.00116967,0.00751051,0.00553513,0.00128177,0.01413588,0.00619647,0.00277862,0.00944346,0.00628321,0.00249205,0.01012165,0.00621268,0.00025982,0.01020212,0.00688185,0.00225097,0.01287201,0.00761900,-0.00006964,0.00885224,0.00627098,-0.00018337,0.01023795,0.00581891,0.00044847,0.01124274,0.00365771,0.00188686,0.00836783,0.00587991,0.00114433,0.01068138,0.00617672,0.00043321,0.01618612,0.01747256,0.00953502,0.00744776,0.00596362,0.00578008,0.01099534,0.01212025,0.01160560,0.01562141,0.01841734,0.02443875,0.02347207,0.02455020,0.02455939,0.01906889,0.01882567,0.01096364,0.01864877,0.02421035,0.01926402,0.01280141,0.00990530,0.01193967,0.01218165,0.01417400,0.00841529,0.01288689,0.01355351,0.01391313,0.00433773,0.00147878,0.00150587,0.00385120,0.00340117,0.00048530,0.00252299,0.00337144,0.00214303,0.00429177,0.00307308,0.00164270,0.00287885,0.00220170,-0.00000933,0.00207361,0.00018881,0.00173446,0.00385459,0.00120238,0.00079907,0.00138801,0.00237122,0.00077696,0.00002416,0.00133982,-0.00003202,0.00220372,0.00022302,0.00049718,0.00081994,0.00024333,0.00101601,0.00020851,0.00041607,0.00024640,-0.00001309,0.00007997,0.00048730,0.00241715,0.00003629,0.00055435,0.00120781,0.00011247,0.00193835,-0.00001109,0.00041536,0.00170036,0.00161340,-0.00000433,0.00091019,0.00086889,0.00015729,0.00146434,-0.00000167,0.00042845,0.00007079,0.00010701,0.00015321,0.00007017,0.00108077,-0.00003153,0.00065793,0.00024595,-0.00001532,-0.00001051,0.00362650,0.00331372,0.00274272,0.00651402,0.00804633,0.00420485,0.00095628,0.00098195,0.00014210,0.00215805,0.00010013,0.00006054,0.00529023,0.00331031,0.00008416,0.00710947,0.00415096,0.00039131,0.00937767,0.00340406,0.00091874,0.00841902,0.00850951,0.00041011,0.01118622,0.00775333,0.00247768,0.01873215,0.01019671,0.00214445,0.03646654,0.02532429,0.00014334,0.01041352,0.00419950,-0.00012009,0.01512849,0.00533487,0.00333142,0.00955838,0.00696196,0.00047946,0.00678192,0.00518491,0.00207174,0.01288389,0.00492787,0.00298119,0.01450276,0.00632190,0.00171535,0.01487341,0.00459492,0.00236862,0.01353954,0.00467844,0.00002204,0.01348579,0.00664221,0.00031741,0.01139717,0.00690224,0.00088052,0.01260761,0.00622682,0.00285355,0.00900528,0.00419897,0.00223591,0.01288195,0.00690584,-0.00000749,0.01377874,0.00677205,0.00288564,0.01299802,0.00601018,0.00356742,0.00841858,0.00856715,0.00132897,0.01325777,0.00535503,0.00038003,0.01042594,0.00424734,0.00124467,0.01357200,0.00669701,-0.00008350,0.00996843,0.00543221,0.00168195,0.00812501,0.00433253,0.00022812,0.01133922,0.01653397,0.01193961,0.01686307,0.01521617,0.01719827,0.01220150,0.01352648,0.00894124,0.03533503,0.03997663,0.04240528,0.02209597,0.01795161,0.01543543,0.01720578,0.01991151,0.02174705,0.02103199,0.02124609,0.02415826,0.01485132,0.01542526,0.01466146,0.01235719,0.01272356,0.01166001,0.01481032,0.01349138,0.01230824,0.01888125,0.01713659,0.00880083,0.00357305,0.00136452,0.00120896,0.00502790,0.00290586,0.00220380,0.00567729,0.00230694,0.00021147,0.00495440,0.00248677,0.00315131,0.00510787,0.00145155,0.00008751,0.00610435,0.00343848,0.00209221,0.00531606,0.00201230,0.00216555,0.00353071,0.00122849,0.00156830,0.00242351,0.00114482,0.00265431,0.00136125,0.00136872,-0.00014440,0.00332741,0.00038646,0.00090102,0.00045789,0.00093438,0.00032987,0.00028799,0.00005894,0.00048470,0.00000526,-0.00005315,-0.00012808,0.00068636,0.00083624,0.00069326,0.00010396,0.00006320,0.00070295,0.00006618,0.00009687,0.00070916,0.00005778,0.00022371,0.00048457,0.00003007,-0.00002943,0.00191640,0.00000046,0.00035501,0.00271283,0.00411097,0.00266485,0.00134169,0.00127630,0.00022026,0.00102759,-0.00002414,0.00020827,0.00004440,0.00802698,0.00960597,0.00633005,0.00118727,0.00011727,-0.00002354,0.00143393,0.00052710,0.00010797,0.00144129,-0.00007167,0.00095023,0.00662166,0.00344198,-0.00006994,0.00975546,0.00511099,-0.00003989,0.01123465,0.00671563,-0.00000745,0.02767340,0.02494354,0.00020322,0.02896360,0.01707991,0.00144115,0.00416486,0.00029137,0.00059098,0.01079242,0.00466730,0.00153040,0.01268885,0.00729825,-0.00029480,0.00910755,0.00684893,0.00075114,0.00966544,0.00476179,0.00293640,0.00958256,0.00693485,-0.00020780,0.00910526,0.00624707,0.00100548,0.01290810,0.00422707,0.00099103,0.00704096,0.00768693,0.00247118,0.01427774,0.00587732,0.00266385,0.01150908,0.00520488,-0.00025006,0.00920062,0.00535353,0.00446146,0.01184847,0.00508499,-0.00015082,0.01400975,0.00512373,0.00256324,0.01130665,0.00629495,0.00141094,0.01227870,0.00695006,0.00092448,0.01114787,0.00852022,-0.00010546,0.01424185,0.00600024,0.00050210,0.00946205,0.00486351,0.00291230,0.00903569,0.00523781,0.00173104,0.00967838,0.00696135,0.00215629,0.02489179,0.01948277,0.02033689,0.01930196,0.01740266,0.01318141,0.01634000,0.02083212,0.02515127,0.02011053,0.02546908,0.02149663,0.02659151,0.02614452,0.02839357,0.02399758,0.01811921,0.02119974,0.02089010,0.02103542,0.01637413,0.01365406,0.01783064,0.01395121,0.01601927,0.01668381,0.01071661,0.01527343,0.01475861,0.01116700,0.02081634,0.01833922,0.01625295,0.00803239,0.01256701,0.00618674,0.00181208,0.00152574,0.00000285,0.00104596,0.00239564,0.00062228,0.00300366,0.00204558,-0.00003985,0.00225860,0.00308339,0.00093853,0.00476933,0.00261350,0.00000718,0.00612608,0.00286999,0.00006275,0.00562256,0.00195474,-0.00008321,0.00293633,0.00239455,0.00015731,0.00474922,0.00181897,-0.00002231,0.00305224,0.00017453,0.00001610,0.00217627,0.00136930,0.00056443,0.00342150,0.00076187,0.00005036,0.00005787,0.00071253,0.00014458,0.00070457,0.00066231,0.00005818,-0.00001809,0.00000000,0.00051383,-0.00009511,0.00000370,0.00000941,0.00000000,0.00055248,0.00037992,0.00055874,0.00011826,0.00016012,0.00078341,0.00028222,0.00001965,0.00024524,0.00054436,0.00001484,0.00001424,0.00019452,0.00004672,0.00011991,0.00013664,-0.00000749,0.00437402,0.00645763,0.00204334,0.00024345,0.00012066,0.00014214,0.00016963,0.00004425,0.00062146,0.00057930,0.00098959,0.00068807,0.00108694,0.00007817,0.00017607,0.00037552,0.00121284,-0.00004255,0.00610594,0.00513101,-0.00003309,0.00869854,0.00555745,0.00000566,0.01087878,0.00492297,0.00173671,0.00905359,0.00556000,0.00218129,0.01117727,0.00638289,0.00154536,0.00737447,0.00668374,0.00035633,0.01189066,0.00558970,0.00137685,0.01306336,0.00474738,0.00092073,0.00765567,0.00438339,0.00002837,0.01219668,0.00390581,0.00263209,0.01140906,0.00751805,0.00019743,0.01095494,0.00726827,0.00114201,0.01022064,0.00673164,-0.00008326,0.01022717,0.00827305,0.00072931,0.01035057,0.00665874,0.00017850,0.00999115,0.00526698,0.00075874,0.00783083,0.00422132,0.00226945,0.00780348,0.00548891,0.00154635,0.01103382,0.00745697,0.00029926,0.01092926,0.00584022,0.00045383,0.01177105,0.00518127,0.00241793,0.01045792,0.00544544,0.00121270,0.01013142,0.00667242,0.00205738,0.01351938,0.00752185,0.00002738,0.02523546,0.02041849,0.02259125,0.02031814,0.01956844,0.01614599,0.01302077,0.01881828,0.01798487,0.01944354,0.02296514,0.01934586,0.02654830,0.02460052,0.02270422,0.02015443,0.02199584,0.02163179,0.01435296,0.01598164,0.01205614,0.01044728,0.01375161,0.00897634,0.01498391,0.01725712,0.00659274,0.03268756,0.03368486,0.02297852,0.02084717,0.01927952,0.01518581,0.01322252,0.01190850,0.01227275,0.01650611,0.01507843,0.01082397,0.00461563,0.00257983,0.00000073,0.00482195,0.00324623,-0.00010894,0.00496752,0.00183519,0.00057576,0.00560448,0.00154000,0.00006126,0.00388535,0.00296169,-0.00001708,0.00488455,0.00153549,0.00345293,0.00460553,0.00246309,0.00271356,0.00171456,0.00314190,0.00098812,0.00678659,0.00382110,-0.00002568,0.00597611,0.00401321,0.00216134,0.00467958,0.00217985,0.00029618,0.00243686,0.00124942,0.00157174,0.00070560,0.00120312,0.00157013,0.00239062,0.00018617,0.00144802,0.00155962,0.00040914,0.00034399,0.00053202,0.00052200,0.00044824,0.00048709,0.00041035,-0.00001200,0.00014615,0.00034279,0.00014778,0.00253853,0.00025537,0.00049478,0.00015155,-0.00000629,0.00202666,0.00183173,-0.00001062,-0.00001976,0.00137250,0.00029719,0.00054220,0.00147972,0.00050947,0.00103973,-0.00009674,-0.00008248,-0.00008176,0.00112803,0.00000023,0.00008017,0.00098781,0.00030393,-0.00004370,0.00651592,0.00203664,0.00123596,0.00819909,0.00331457,0.00262865,0.00794723,0.00455612,0.00047617,0.00701786,0.00549791,0.00258781,0.01287735,0.00510064,0.00088186,0.00310570,0.00102962,-0.00002425,0.00887336,0.00558119,0.00079260,0.01352938,0.00608387,0.00141154,0.01190608,0.00438390,0.00196630,0.01220427,0.00491600,-0.00069970,0.01233779,0.00647100,0.00156642,0.00855892,0.00688967,0.00267207,0.00976866,0.00553646,0.00239043,0.01178353,0.00729518,0.00205335,0.00941021,0.00731429,0.00375088,0.01622474,0.00645160,0.00153222,0.01932562,0.00560881,0.00077884,0.00734637,0.00559419,-0.00009361,0.01138385,0.00540077,0.00065534,0.00939135,0.00667109,-0.00004167,0.00864156,0.00735022,-0.00010567,0.01001581,0.00445925,0.00257475,0.01402191,0.00642088,-0.00001334,0.01089273,0.00430044,0.00103777,0.01239133,0.00595936,0.00025367,0.01442240,0.01420096,0.01781989,0.01018167,0.01329205,0.00871808,0.01339082,0.01462738,0.00929159,0.01924928,0.01836585,0.01166203,0.02394963,0.02868969,0.01983318,0.01324753,0.01431877,0.00633334,0.01657075,0.01452725,0.00935979,0.01574772,0.01186752,0.01014668,0.01477800,0.01405858,0.01003696,0.01443980,0.01537526,0.00836996,0.01520976,0.01137906,0.01716499,0.01766293,0.01708860,0.01955387,0.00753734,0.01271785,0.00572666,0.00431023,0.00222551,0.00195133,0.00387212,0.00225599,0.00037733,0.00597795,0.00227302,0.00006333,0.00624265,0.00235568,0.00145382,0.00617978,0.00119217,-0.00017924,0.00242523,0.00452322,0.00065708,0.00536084,0.00146819,-0.00002285,0.00368705,0.00289425,0.00096381,0.00530260,0.00217749,-0.00022415,0.00396704,0.00280416,0.00203325,0.00383754,0.00203246,0.00003324,0.00452519,0.00243175,0.00100148,0.00665480,0.00324892,0.00007299,0.00693413,0.00349232,0.00057310,0.00594703,0.00466782,-0.00011961,0.00098809,0.00215438,-0.00008855,0.00020290,-0.00004052,0.00116983,0.00039719,-0.00002334,-0.00004053,0.00536137,0.00087946,-0.00008310,-0.00000837,0.00002511,0.00001487,0.00005530,-0.00000121,0.00352725,0.00172823,0.00000023,0.00163683,0.00175556,0.00067159,-0.00002823,0.00001506,0.00052400,0.00006012,0.00065111,0.00012155,-0.00003954,0.00137087,0.00007998,0.00150921,0.00734837,0.00512516,0.00000303,0.00978999,0.00561558,0.00014576,0.00843019,0.00374682,-0.00011140,0.01127909,0.00349964,0.00043285,0.00871003,0.00519353,0.00149822,0.00793537,0.00597086,0.00130762,0.01239328,0.00605962,0.00416871,0.00938801,0.00443546,0.00159283,0.00736491,0.00578795,0.00442929,0.00943439,0.00620226,0.00562572,0.00904360,0.00657927,-0.00001689,0.01527850,0.00695554,0.00167904,0.01090130,0.00552436,0.00252961,0.00980465,0.00577233,-0.00040408,0.00975223,0.00851298,0.00486485,0.01724777,0.00510607,0.00361051,0.01228336,0.00964585,-0.00016466,0.00777184,0.00506433,0.00130498,0.01169041,0.00502168,0.00174524,0.00986488,0.00446610,0.00043180,0.01225389,0.00560791,0.00176674,0.01193847,0.00561497,0.00089106,0.01269403,0.00581146,0.00248930,0.00977204,0.00715040,-0.00003602,0.01446103,0.00626092,0.00069839,0.00734988,0.00895553,0.00549208,0.01683293,0.02156406,0.01501149,0.01582647,0.01596834,0.01202342,0.02216959,0.02307915,0.01315276,0.01377847,0.01279426,0.00715789,0.01644683,0.01606407,0.00923255,0.01654791,0.01541240,0.01128996,0.01020552,0.00770702,0.00480873,0.01706303,0.01846808,0.01965158,0.01671237,0.01438624,0.01097807,0.01600520,0.01150194,0.00499862,0.01490868,0.01181649,0.00817789,0.00952337,0.00996848,0.00802373,0.00522942,0.00242414,-0.00005830,0.00615381,0.00191878,0.00160306,0.00382251,0.00233861,-0.00001013,0.00441719,0.00246939,0.00001710,0.00461663,0.00243599,0.00069885,0.00609669,0.00355812,0.00151287,0.00474252,0.00303997,0.00311596,0.00590324,0.00360600,0.00012208,0.00465889,0.00238267,0.00011846,0.00315957,0.00358084,0.00026324,0.00541084,0.00221133,0.00131203,0.00646878,0.00304444,0.00038460,0.00601556,0.00370981,0.00148847,0.00389545,0.00202735,0.00246601,0.00627206,0.00446911,-0.00027938,0.00674060,0.00309655,0.00362018,0.00670846,0.00339331,-0.00026948,0.00034699,0.00051559,-0.00005559,0.00136909,0.00064562,0.00012597,0.00041585,0.00023280,0.00177391,0.00039701,0.00075817,-0.00008024,0.00411407,0.00214704,0.00002664,-0.00016722,-0.00005392,0.00028317,0.00067150,0.00085637,0.00076155,-0.00000547,0.00014244,-0.00004835,0.00253203,0.00086241,0.00206873,0.00566475,0.00306247,0.00244728,0.00979167,0.00396238,0.00005033,0.00786553,0.00429651,0.00033204,0.00854452,0.00256296,0.00289484,0.01068005,0.00498629,-0.00004184,0.00952652,0.00691645,-0.00010901,0.00524768,0.00274773,0.00323865,0.01001524,0.00494967,0.00377486,0.01313641,0.00644340,0.00026418,0.01382945,0.00542270,0.00078348,0.01195364,0.00816214,0.00016790,0.00838356,0.00906379,0.00050465,0.00951337,0.00737821,-0.00018195,0.01187370,0.00659166,0.00260937,0.01391334,0.00748651,0.00010035,0.00944510,0.00720474,0.00170777,0.01242761,0.00644028,0.00308977,0.00813172,0.00815724,0.00154228,0.01016307,0.00641266,0.00035358,0.01110381,0.00683807,0.00034772,0.00955363,0.00534451,0.00094407,0.01001005,0.00567738,0.00158174,0.01059096,0.00582180,0.00036088,0.01264154,0.00459695,0.00199045,0.01228025,0.00577813,-0.00002531,0.01461810,0.01447261,0.01750106,0.01398231,0.01310180,0.01032512,0.01722498,0.01524959,0.00838779,0.01280133,0.01192825,0.00579482,0.01306380,0.01058616,0.00382743,0.01116266,0.01060917,0.00337605,0.00576872,0.00906016,0.00143090,0.00899265,0.00867731,0.00144305,0.01578621,0.01264506,0.00778891,0.00797385,0.01042687,0.01268547,0.00599857,0.00960873,0.00629004,0.01602711,0.01413888,0.00995120,0.01356140,0.01702476,0.00806078,0.00813320,0.00169183,0.00313951,0.00427943,0.00335804,0.00005362,0.00584528,0.00230293,-0.00013482,0.00519703,0.00203196,-0.00002447,0.00662915,0.00289595,0.00073515,0.00595270,0.00344513,0.00017160,0.00360333,0.00307031,-0.00018239,0.00335493,0.00382428,0.00134499,0.00648050,0.00261107,-0.00006784,0.00311203,0.00349214,0.00081905,0.00711668,0.00300996,0.00011294,0.00317428,0.00319513,0.00132142,0.00614452,0.00352552,0.00036410,0.00643863,0.00240707,-0.00017769,0.01091777,0.00301907,0.00183840,0.00722494,0.00384956,0.00007994,0.00800386,0.00417654,0.00000000,0.00586091,0.00346640,0.00046137,0.00445428,0.00464708,-0.00017366,0.00371430,0.00309577,0.00106859,0.00267699,0.00311469,0.00209907,0.00015151,0.00022773,-0.00002738,0.00144439,0.00003586,0.00104487,0.00022420,-0.00004192,-0.00006982,-0.00011093,-0.00003332,0.00132929,0.00780687,0.00485679,0.00186415,0.00620468,0.00468801,0.00252997,0.00948879,0.00441423,0.00000356,0.01026896,0.00520950,0.00088087,0.01332658,0.00400729,0.00246513,0.01046979,0.00564899,0.00006682,0.01199961,0.00415825,0.00043754,0.00498858,0.00524124,0.00148889,0.00831096,0.00757833,0.00053275,0.00893071,0.00593066,0.00113420,0.01083063,0.00698485,0.00359708,0.01006740,0.00593286,0.00193966,0.01231776,0.00750110,0.00248549,0.01583626,0.00720962,0.00110331,0.01246333,0.00940854,0.00104436,0.01382437,0.00629565,0.00258484,0.00769014,0.00629537,0.00050986,0.00684706,0.00759813,0.00021541,0.01022637,0.00534572,0.00049942,0.00955556,0.00562439,-0.00005146,0.01083790,0.00545150,0.00331423,0.00825975,0.00650571,-0.00002400,0.00704904,0.00785990,0.00141307,0.01006916,0.00484484,0.00219529,0.01437492,0.00604683,0.00004575,0.00954389,0.00646034,-0.00005675,0.01519661,0.01211159,0.01253541,0.05375081,0.03542972,0.01799895,0.00413242,0.01114735,0.00777489,0.01270294,0.01018920,0.00130197,0.00872114,0.00909055,0.00254529,0.00881706,0.00796590,0.00247972,0.00520179,0.00643908,0.00276818,0.00927015,0.00877208,0.00418149,0.00971480,0.01148436,0.00126615,0.00824146,0.00948027,0.00503234,0.00555318,0.00808427,0.00322558,0.00696165,0.01017420,0.00554188,0.00517370,0.00565014,0.00078326,0.00535980,0.00330779,0.00166226,0.00221871,0.00286266,0.00040786,0.00662942,0.00169615,0.00049052,0.00351768,0.00235240,-0.00024538,0.00193911,0.00305921,0.00293050,0.00854745,0.00260157,-0.00002136,0.00451489,0.00303028,0.00291385,0.00459453,0.00275595,0.00401796,0.00447534,0.00190607,0.00075844,0.00912214,0.00294267,0.00146481,0.00777266,0.00256215,0.00019997,0.00398535,0.00232726,0.00170060,0.00403021,0.00349612,0.00150890,0.00988613,0.00127507,-0.00001084,0.00915323,0.00339812,0.00044281,0.00652347,0.00232653,0.00109245,0.00678630,0.00421964,0.00190843,0.00489606,0.00421217,0.00263970,0.00489900,0.00294050,-0.00015844,0.00755192,0.00247045,0.00119434,0.00828802,0.00182565,0.00102967,0.00867600,0.00368738,0.00088363,0.00838262,0.00325026,0.00002488,0.00503709,0.00304480,0.00176583,0.01021848,0.00281712,0.00114476,0.01023358,0.00397295,0.00130129,0.01032702,0.00394668,0.00013437,0.00809827,0.00311018,0.00198369,0.00818645,0.00545921,0.00145397,0.01140885,0.00550047,0.00243669,0.00916178,0.00609642,0.00144592,0.01245159,0.00515650,0.00170659,0.01185825,0.00749136,0.00048085,0.00584603,0.00381964,-0.00011629,0.01375243,0.00580529,0.00072338,0.01337820,0.00439419,0.00150861,0.01632219,0.00566236,0.00057934,0.01913656,0.00679085,0.00030116,0.00798907,0.00694972,0.00092952,0.00876222,0.00495704,-0.00001181,0.01274581,0.00710762,0.00281949,0.01326790,0.00699040,0.00148895,0.00920910,0.00601691,0.00087591,0.01116283,0.00810536,0.00389880,0.01195431,0.00667926,0.00070007,0.01374191,0.00607430,0.00053267,0.00516402,0.00718842,0.00033166,0.01291916,0.00685665,0.00292731,0.01123838,0.00682103,0.00250415,0.01369468,0.00757772,0.00118024,0.00959822,0.00733178,0.00058322,0.01754924,0.01271858,0.01283834,0.01543593,0.01314433,0.00279340,0.00918304,0.00800560,0.00180185,0.01041023,0.01055402,0.00248694,0.00740673,0.00707751,0.00181952,0.00797732,0.00644615,0.00148669,0.00882540,0.00715624,0.00246128,0.00738582,0.00626940,0.00357283,0.00830317,0.01114909,0.00653519,0.00620077,0.00875385,0.00468969,0.00749942,0.00660633,0.00448204,0.00482194,0.00806717,0.00457544,0.00471886,0.00411305,0.00256855,0.00121211,0.00203169,0.00176411,0.00889371,0.00299411,0.00024842,0.00311873,0.00266262,-0.00004451,0.00525289,0.00246958,0.00229621,0.00411485,0.00326594,-0.00003993,0.00569003,0.00245810,0.00166114,0.00555902,0.00278954,0.00199047,0.00599668,0.00363051,0.00008398,0.00684307,0.00289420,-0.00002985,0.00809907,0.00408694,-0.00003405,0.00249307,0.00326420,0.00014030,0.00510743,0.00340564,0.00002342,0.00615726,0.00424997,0.00198561,0.00533060,0.00448863,0.00198914,0.00435103,0.00313918,0.00096247,0.00657338,0.00472903,-0.00011036,0.00857000,0.00403986,0.00024419,0.01072774,0.00463884,0.00246308,0.00621374,0.00271706,0.00161535,0.00631740,0.00449356,-0.00022333,0.00676656,0.00299217,0.00033024,0.00426882,0.00326702,0.00190284,0.00525149,0.00274495,-0.00020555,0.00553387,0.00263914,-0.00016805,0.00806270,0.00327724,0.00006801,0.00821959,0.00350849,0.00347325,0.00620465,0.00402593,0.00221409,0.00889851,0.00400287,-0.00001313,0.00922790,0.00552195,0.00207909,0.00915121,0.00448244,-0.00020245,0.01280561,0.00534513,0.00185178,0.00881640,0.00382034,0.00122417,0.01078803,0.00630588,0.00004354,0.00953132,0.00478446,0.00151924,0.01015962,0.00680914,0.00192980,0.01135788,0.00629399,0.00186820,0.01183311,0.00689074,0.00088008,0.00909699,0.00508248,0.00035505,0.01122358,0.00699787,-0.00008367,0.00911526,0.00650850,0.00241631,0.01323768,0.00548830,0.00247164,0.01272271,0.00704429,0.00287252,0.01245475,0.00567424,-0.00002441,0.01129530,0.00753283,0.00045227,0.01128746,0.00762078,0.00290771,0.01277004,0.00682857,0.00137655,0.01143961,0.00417798,0.00224108,0.01385798,0.00562372,0.00145544,0.01181396,0.00488916,0.00181433,0.01405348,0.00482133,0.00048184,0.00993969,0.00571503,0.00031343,0.01211380,0.01351220,0.00796530,0.00858643,0.00933451,0.00437109,0.00934478,0.01023835,0.00203876,0.00372335,0.01394014,0.00840784,0.00729235,0.00731081,-0.00028191,0.00807908,0.00681736,-0.00015893,0.00866157,0.00505945,0.00140243,0.00948671,0.00710778,0.00209732,0.00849716,0.01468514,0.00983560,0.01582123,0.01233539,0.00580448,0.01257057,0.01118880,0.00482365,0.00495476,0.00233969,0.00465836,0.00522211,0.00317464,0.00037394,0.00578447,0.00264595,0.00096602,0.00586549,0.00345606,0.00007464,0.00200248,0.00350684,0.00000834,0.00579469,0.00190112,0.00051559,0.00464330,0.00310356,0.00021159,0.00460831,0.00130836,0.00171307,0.00535603,0.00350450,-0.00005125,0.00588392,0.00228644,0.00043703,0.00718238,0.00299182,-0.00002903,0.00481693,0.00268497,0.00048766,0.00600048,0.00410879,-0.00009728,0.00375151,0.00307508,0.00170913,0.00580704,0.00369507,0.00014388,0.00440209,0.00192835,-0.00011412,0.00732240,0.00275156,-0.00012630,0.00664022,0.00503778,-0.00013247,0.00545724,0.00385598,0.00280205,0.00631423,0.00340479,-0.00013214,0.00348961,0.00403812,-0.00020065,0.00881950,0.00201297,-0.00010792,0.00649312,0.00407722,-0.00009124,0.00613328,0.00066016,-0.00001219,0.00853071,0.00343090,0.00011817,0.00618038,0.00329474,0.00446722,0.00852027,0.00438197,-0.00001278,0.00941838,0.00521143,0.00120534,0.00739798,0.00475147,0.00023302,0.00947179,0.00465798,0.00093870,0.00901706,0.00352930,0.00078569,0.00944280,0.00339774,0.00177637,0.01045584,0.00391410,-0.00019616,0.00982109,0.00509313,-0.00014537,0.00735806,0.00626630,0.00006286,0.00946677,0.00586692,0.00026121,0.00797241,0.00420713,0.00104783,0.00868229,0.00676059,-0.00009424,0.01281436,0.00534989,0.00306813,0.00705087,0.00680864,0.00184194,0.01093796,0.00680299,0.00045398,0.01386806,0.00696623,0.00110922,0.01261179,0.00551462,0.00014158,0.01005215,0.00660625,-0.00052728,0.01122841,0.00651987,0.00185263,0.01148432,0.00367340,0.00224254,0.00729490,0.00533516,0.00070945,0.01115299,0.00690843,0.00054749,0.00978960,0.00523945,0.00022137,0.01114801,0.00563191,0.00002147,0.01095611,0.00943119,-0.00007743,0.01424621,0.00674606,0.00018915,0.01267157,0.00890810,0.00136570,0.01018614,0.00658349,0.00155131,0.00834710,0.01006480,0.00787143,0.00515411,0.00245392,0.00037177,0.00990566,0.00655818,0.00049894,0.00541481,0.00742111,0.00166240,0.01021358,0.00710534,0.00432336,0.00817880,0.00765973,0.00436910,0.00258592,0.00947071,0.00017350,0.00918276,0.01457273,0.00461442,0.01901595,0.01434410,0.00736961,0.01027157,0.01083381,0.00536758,0.00722482,0.01027971,0.00525171,0.00528859,0.00303842,-0.00000151,0.00563510,0.00377392,-0.00009725,0.00397047,0.00239090,0.00077883,0.00074866,0.00418093,-0.00011652,0.00707062,0.00386834,0.00269653,0.00701466,0.00326029,-0.00017376,0.00633803,0.00243530,0.00039259,0.00690567,0.00284369,0.00205411,0.00745916,0.00253992,0.00283145,0.00275435,0.00349221,0.00023001,0.00416530,0.00276251,0.00010242,0.00633269,0.00483404,0.00016234,0.00975981,0.00275406,0.00060891,0.01129104,0.00217869,0.00183091,0.00608824,0.00285143,-0.00042388,0.00562971,0.00438770,0.00011096,0.00763723,0.00352591,0.00118023,0.00585585,0.00147154,0.00335876,0.00535383,0.00375646,0.00269188,0.00936923,0.00466161,0.00015869,0.00606560,0.00414120,-0.00003063,0.00710361,0.00450839,0.00121670,0.00695514,0.00304454,0.00022910,0.01111659,0.00432045,0.00064008,0.00888806,0.00273227,0.00080996,0.00706742,0.00272365,0.00024550,0.01090785,0.00350370,0.00003574,0.00743056,0.00317590,0.00026538,0.00629982,0.00482040,0.00086897,0.00560948,0.00485155,-0.00000849,0.00940576,0.00464758,-0.00022275,0.01128351,0.00575837,0.00295239,0.01067725,0.00614044,0.00076391,0.00741338,0.00610588,0.00039439,0.00663541,0.00765066,0.00308912,0.00133671,0.00054045,0.00031005,0.00981981,0.00528780,0.00185889,0.00964700,0.00504709,0.00132138,0.00782771,0.00740452,0.00185545,0.01007959,0.00478999,0.00078251,0.01287675,0.00747242,0.00041242,0.00892176,0.00735803,0.00049604,0.01111254,0.00638517,0.00038883,0.01125787,0.00717694,0.00167991,0.01462925,0.00881205,0.00395758,0.01635014,0.00967348,0.00234044,0.00958392,0.00692119,0.00162376,0.00876448,0.00592525,0.00091153,0.01144933,0.00803315,0.00259062,0.01013095,0.00492861,0.00085087,0.01025404,0.00583497,0.00077582,0.00906234,0.00530603,-0.00005598,0.00936740,0.00658025,0.00131787,0.00327384,0.00227050,0.00077994,0.00354336,0.00423897,0.00256092,0.00967147,0.00654237,0.00040339,0.00792231,0.00483565,0.00041408,0.00628093,0.00578267,0.00284979,0.00704894,0.00604469,0.00017238,0.00870176,0.00918071,0.00100791,0.00946707,0.00813294,0.00556114,0.01195327,0.01503930,0.00802921,0.01709421,0.01207971,0.00583501,0.00924977,0.01001239,0.00600123,0.00450913,0.00155719,0.00285282,0.00770075,0.00143322,0.00141429,0.00685907,0.00252276,0.00071634,0.00722265,0.00370744,0.00048916,0.00107713,0.00388498,0.00003245,0.00849722,0.00339916,0.00084258,0.00997853,0.00380916,0.00074736,0.00425919,0.00350320,0.00297565,0.00730188,0.00402152,0.00299668,0.00448994,0.00520451,0.00087036,0.00817740,0.00110143,0.00030260,0.00759476,0.00325338,0.00324148,0.00586851,0.00205783,0.00127078,0.00722482,0.00401279,0.00011430,0.00787527,0.00392188,0.00166664,0.00936391,0.00401459,0.00117085,0.00688684,0.00311677,0.00208110,0.00719416,0.00321808,0.00193730,0.00873429,0.00477205,0.00143643,0.00953358,0.00377920,-0.00022696,0.00835381,0.00348664,0.00429702,0.00770356,0.00089711,0.00148786,0.00922943,0.00325075,0.00176700,0.01310055,0.00378128,0.00136257,0.00790473,0.00385225,0.00155982,0.00715557,0.00414662,0.00056588,0.01439251,0.00312607,0.00194591,0.00405040,0.00465012,0.00209862,0.00555299,0.00543222,0.00180746,0.00626876,0.00420493,0.00058930,0.00512240,0.00459221,0.00012825,0.00707238,0.00455548,0.00161189,0.00962386,0.00476563,0.00004315,0.01211310,0.00411827,0.00103110,0.00535105,0.00736078,0.00198375,0.01068565,0.00475662,0.00078903,0.00951542,0.00421976,0.00257012,0.00954278,0.00435175,0.00105596,0.01093741,0.00594785,0.00103084,0.02138111,0.00792573,0.00037657,0.01321222,0.00863868,0.00133089,0.01197778,0.00741604,0.00079782,0.00711776,0.00787042,0.00209445,0.00963424,0.00435729,0.00067775,0.00996056,0.00668028,0.00103466,0.00975035,0.00422489,0.00061828,0.00832030,0.00778626,0.00008970,0.01011579,0.00626895,-0.00039135,0.01392361,0.00879174,0.00236382,0.00943381,0.00736299,0.00118192,0.00678524,0.00619846,0.00096594,0.01116893,0.00737802,0.00007100,0.00611879,0.00930457,-0.00018913,0.00096535,0.00066905,0.01480435,0.00503432,0.00136829,0.00236279,0.00855062,0.00522988,0.00125573,0.00626308,0.00493062,0.00155003,0.00586097,0.00376738,0.00388395,0.00329069,0.00391084,0.00122182,0.01766447,0.01686867,0.00587932,0.01849310,0.01208483,0.01341512,0.01352672,0.01291889,0.00249940,0.00968574,0.01104003,0.00683425,0.00993595,0.01187711,0.00607747,0.00564710,0.00284487,0.00294228,0.00564204,0.00248057,0.00394941,0.00756319,0.00322311,0.00223785,0.00711645,0.00330173,0.00223032,0.00847323,0.00293009,0.00333934,0.00416200,0.00300990,0.00316704,0.00490077,0.00341655,-0.00038892,0.01033378,0.00422597,0.00183844,0.00711159,0.00349108,0.00348136,0.00504086,0.00478248,0.00012366,0.00527968,0.00402431,0.00012890,0.00618428,0.00436741,0.00176249,0.01260706,0.00341174,-0.00015785,0.00589062,0.00367757,0.00197611,0.00965915,0.00264025,0.00198147,0.00825648,0.00453469,0.00207402,0.00923164,0.00423069,0.00039731,0.00901388,0.00375566,0.00048600,0.00879366,0.00330618,0.00027051,0.00515115,0.00328868,-0.00010708,0.00750209,0.00435295,0.00234569,0.00681940,0.00332423,0.00005833,0.01120508,0.00099700,0.00231912,0.00856138,0.00422679,0.00056415,0.01097287,0.00232504,0.00003427,0.00951661,0.00430308,-0.00012681,0.00993212,0.00323243,0.00161158,0.00815463,0.00391206,0.00240677,0.00847965,0.00391468,0.00487363,0.00883777,0.00257197,0.00266843,0.00712401,0.00367308,0.00061706,0.00278650,0.00491800,0.00022114,0.01116418,0.00432029,0.00353252,0.01109161,0.00596837,0.00149800,0.01230876,0.00498034,0.00227809,0.01897288,0.00818743,0.00179087,0.00819354,0.00458266,0.00018533,0.00855559,0.00302741,0.00175731,0.00841685,0.00490457,0.00111914,0.00979977,0.00831546,0.00129307,0.01173203,0.00852110,0.00139942,0.00961890,0.00789271,-0.00083346,0.00543419,0.00885904,0.00077172,0.01589265,0.00674744,0.00301783,0.00948123,0.00686559,0.00176135,0.01284836,0.00865209,0.00267610,0.01438396,0.00750162,0.00016814,0.00893471,0.00580485,0.00582166,0.01304461,0.00469644,0.00569139,0.01080197,0.00719949,0.00070784,0.01129011,0.00766775,0.00242329,0.00930620,0.00719234,0.00066108,0.00600079,0.00523563,0.00231996,0.00709761,0.00579356,-0.00032482,0.00728670,0.00729305,0.00270108,0.00441505,0.00474198,0.00375455,0.00862552,0.00992593,0.00026929,0.00630041,0.00449527,0.00054343,0.00850511,0.00501666,0.00012049,0.01434204,0.00890329,0.00038169,0.01689116,0.01909032,0.00846245,0.02030499,0.01669219,0.01227074,0.01025347,0.01287356,0.00263311,0.01463408,0.01147839,0.00136462,0.00464129,0.00228803,-0.00001366,0.00398356,0.00161457,0.00061587,0.00528838,0.00250421,0.00133781,0.00353874,0.00421781,-0.00002633,0.00392584,0.00220526,0.00233752,0.00545416,0.00349532,-0.00000931,0.00626344,0.00193833,0.00022456,0.00789725,0.00383168,0.00070780,0.00678748,0.00363331,0.00176194,0.00661849,0.00323766,0.00360851,0.00807195,0.00565837,0.00089356,0.00567858,0.00283346,0.00186796,0.00912194,0.00343472,0.00112047,0.01016232,0.00539429,0.00152261,0.00508810,0.00506931,-0.00013669,0.00856665,0.00593619,0.00099123,0.00522205,0.00447697,0.00029875,0.00593539,0.00393539,0.00049612,0.00834950,0.00418633,0.00212032,0.00914875,0.00370640,-0.00005749,0.00998604,0.00598054,-0.00007600,0.00735296,0.00681099,0.00002669,0.00581321,0.00416242,0.00189345,0.00926061,0.00320013,0.00142913,0.00943897,0.00593000,-0.00002689,0.00654299,0.00404843,0.00015268,0.00670747,0.00354692,0.00339415,0.01068947,0.00435436,0.00105107,0.01089984,0.00421359,-0.00005374,0.00892229,0.00586172,0.00112135,0.01003400,0.00681444,-0.00018054,0.01164457,0.00879784,0.00108160,0.00665186,0.00657431,0.00006889,0.00814936,0.00481271,0.00500241,0.01189179,0.00593061,0.00112678,0.00890835,0.00674383,0.00229930,0.01035942,0.00702174,0.00761210,0.00656723,0.00483645,0.00172295,0.01581789,0.00759227,0.00087265,0.00854852,0.00924453,0.00184199,0.00971332,0.00871215,0.00056101,0.01057081,0.00689617,0.00152081,0.01356466,0.00936332,0.00220595,0.01206176,0.00595257,0.00548447,0.00955199,0.00888363,0.00319248,0.00980710,0.00677293,0.00131664,0.00615578,0.00668892,0.00284156,0.00798352,0.00834559,0.00087276,0.00936039,0.00692246,0.00061815,0.01434567,0.00733945,0.00538116,0.01052641,0.01030869,0.00153151,0.01538026,0.00798542,0.00010973